/*--------------------------------*- C++ -*----------------------------------*| =========                 |                                                 |
| \      /  F ield         | OpenFOAM: The Open Source CFD Toolbox           |
|  \    /   O peration     | Version:  dev                                   |
|   \  /    A nd           | Web:      www.OpenFOAM.org                      |
|    \/     M anipulation  |                                                 |
\*---------------------------------------------------------------------------*/
FoamFile
{
    version     2.0;
    format      ascii;
    class       volScalarField;
    location    "0";
    object      theta;
}
// * * * * * * * * * * * * * * * * * * * * * * * * * * * * * * * * * * * * * //

dimensions      [0 0 0 1 0 0 0];

internalField   nonuniform List<scalar> 
10000
(
300.0
300.0
300.0
300.0
300.0
300.0
300.0
300.0
300.0
300.0
300.0
300.0
300.0
300.0
300.0
300.0
300.0
300.0
300.0
300.0
300.0
300.0
300.0
300.0
300.0
300.0
300.0
300.0
300.0
300.0
300.0
300.0
300.0
300.0
300.0
300.0
300.0
300.0
300.0
300.0
300.0
300.0
300.0
300.0
300.0
300.000117401
300.00063623
300.001514768
300.002486375
300.003233452
300.003512159
300.003233452
300.002486375
300.001514768
300.00063623
300.000117401
300.0
300.0
300.0
300.0
300.0
300.0
300.0
300.0
300.0
300.0
300.0
300.0
300.0
300.0
300.0
300.0
300.0
300.0
300.0
300.0
300.0
300.0
300.0
300.0
300.0
300.0
300.0
300.0
300.0
300.0
300.0
300.0
300.0
300.0
300.0
300.0
300.0
300.0
300.0
300.0
300.0
300.0
300.0
300.0
300.0
300.0
300.0
300.0
300.0
300.0
300.0
300.0
300.0
300.0
300.0
300.0
300.0
300.0
300.0
300.0
300.0
300.0
300.0
300.0
300.0
300.0
300.0
300.0
300.0
300.0
300.0
300.0
300.0
300.0
300.0
300.0
300.0
300.0
300.0
300.0
300.0
300.0
300.0
300.0
300.0
300.0
300.000073375
300.001149005
300.004045212
300.008588529
300.013856508
300.018950065
300.023135302
300.025869079
300.026817831
300.025869079
300.023135302
300.018950065
300.013856508
300.008588529
300.004045212
300.001149005
300.000073375
300.0
300.0
300.0
300.0
300.0
300.0
300.0
300.0
300.0
300.0
300.0
300.0
300.0
300.0
300.0
300.0
300.0
300.0
300.0
300.0
300.0
300.0
300.0
300.0
300.0
300.0
300.0
300.0
300.0
300.0
300.0
300.0
300.0
300.0
300.0
300.0
300.0
300.0
300.0
300.0
300.0
300.0
300.0
300.0
300.0
300.0
300.0
300.0
300.0
300.0
300.0
300.0
300.0
300.0
300.0
300.0
300.0
300.0
300.0
300.0
300.0
300.0
300.0
300.0
300.0
300.0
300.0
300.0
300.0
300.0
300.0
300.0
300.0
300.0
300.0
300.0
300.0
300.0
300.0
300.0
300.0
300.000058645
300.001726658
300.007089481
300.015895817
300.026801439
300.038513355
300.049854533
300.059803537
300.06752861
300.072415248
300.074086478
300.072415248
300.06752861
300.059803537
300.049854533
300.038513355
300.026801439
300.015895817
300.007089481
300.001726658
300.000058645
300.0
300.0
300.0
300.0
300.0
300.0
300.0
300.0
300.0
300.0
300.0
300.0
300.0
300.0
300.0
300.0
300.0
300.0
300.0
300.0
300.0
300.0
300.0
300.0
300.0
300.0
300.0
300.0
300.0
300.0
300.0
300.0
300.0
300.0
300.0
300.0
300.0
300.0
300.0
300.0
300.0
300.0
300.0
300.0
300.0
300.0
300.0
300.0
300.0
300.0
300.0
300.0
300.0
300.0
300.0
300.0
300.0
300.0
300.0
300.0
300.0
300.0
300.0
300.0
300.0
300.0
300.0
300.0
300.0
300.0
300.0
300.0
300.0
300.0
300.0
300.0
300.0
300.0
300.000787594
300.006157275
300.017345379
300.032900454
300.051237869
300.070810283
300.090158469
300.107958674
300.123065186
300.134546904
300.14171691
300.144154188
300.14171691
300.134546904
300.123065186
300.107958674
300.090158469
300.070810283
300.051237869
300.032900454
300.017345379
300.006157275
300.000787594
300.0
300.0
300.0
300.0
300.0
300.0
300.0
300.0
300.0
300.0
300.0
300.0
300.0
300.0
300.0
300.0
300.0
300.0
300.0
300.0
300.0
300.0
300.0
300.0
300.0
300.0
300.0
300.0
300.0
300.0
300.0
300.0
300.0
300.0
300.0
300.0
300.0
300.0
300.0
300.0
300.0
300.0
300.0
300.0
300.0
300.0
300.0
300.0
300.0
300.0
300.0
300.0
300.0
300.0
300.0
300.0
300.0
300.0
300.0
300.0
300.0
300.0
300.0
300.0
300.0
300.0
300.0
300.0
300.0
300.0
300.0
300.0
300.0
300.0
300.0
300.000006919
300.002211804
300.011828544
300.028750966
300.051267844
300.077604061
300.105977995
300.134658216
300.162017903
300.186585498
300.207090171
300.222500856
300.232057789
300.235295663
300.232057789
300.222500856
300.207090171
300.186585498
300.162017903
300.134658216
300.105977995
300.077604061
300.051267844
300.028750966
300.011828544
300.002211804
300.000006919
300.0
300.0
300.0
300.0
300.0
300.0
300.0
300.0
300.0
300.0
300.0
300.0
300.0
300.0
300.0
300.0
300.0
300.0
300.0
300.0
300.0
300.0
300.0
300.0
300.0
300.0
300.0
300.0
300.0
300.0
300.0
300.0
300.0
300.0
300.0
300.0
300.0
300.0
300.0
300.0
300.0
300.0
300.0
300.0
300.0
300.0
300.0
300.0
300.0
300.0
300.0
300.0
300.0
300.0
300.0
300.0
300.0
300.0
300.0
300.0
300.0
300.0
300.0
300.0
300.0
300.0
300.0
300.0
300.0
300.0
300.0
300.0
300.000025212
300.003494228
300.016559362
300.038554187
300.067674653
300.101997697
300.139541734
300.178327991
300.216440977
300.252086454
300.28364531
300.309721883
300.32918541
300.3412035
300.345266696
300.3412035
300.32918541
300.309721883
300.28364531
300.252086454
300.216440977
300.178327991
300.139541734
300.101997697
300.067674653
300.038554187
300.016559362
300.003494228
300.000025212
300.0
300.0
300.0
300.0
300.0
300.0
300.0
300.0
300.0
300.0
300.0
300.0
300.0
300.0
300.0
300.0
300.0
300.0
300.0
300.0
300.0
300.0
300.0
300.0
300.0
300.0
300.0
300.0
300.0
300.0
300.0
300.0
300.0
300.0
300.0
300.0
300.0
300.0
300.0
300.0
300.0
300.0
300.0
300.0
300.0
300.0
300.0
300.0
300.0
300.0
300.0
300.0
300.0
300.0
300.0
300.0
300.0
300.0
300.0
300.0
300.0
300.0
300.0
300.0
300.0
300.0
300.0
300.0
300.0
300.0
300.000009345
300.003767371
300.018863305
300.044715339
300.079486577
300.121160831
300.167604558
300.216631294
300.266066843
300.313813438
300.357911163
300.396594979
300.428345826
300.45193443
300.466456653
300.471359437
300.466456653
300.45193443
300.428345826
300.396594979
300.357911163
300.313813438
300.266066843
300.216631294
300.167604558
300.121160831
300.079486577
300.044715339
300.018863305
300.003767371
300.000009345
300.0
300.0
300.0
300.0
300.0
300.0
300.0
300.0
300.0
300.0
300.0
300.0
300.0
300.0
300.0
300.0
300.0
300.0
300.0
300.0
300.0
300.0
300.0
300.0
300.0
300.0
300.0
300.0
300.0
300.0
300.0
300.0
300.0
300.0
300.0
300.0
300.0
300.0
300.0
300.0
300.0
300.0
300.0
300.0
300.0
300.0
300.0
300.0
300.0
300.0
300.0
300.0
300.0
300.0
300.0
300.0
300.0
300.0
300.0
300.0
300.0
300.0
300.0
300.0
300.0
300.0
300.0
300.0
300.0
300.002817278
300.018073468
300.046045335
300.084931701
300.132688677
300.18709117
300.245798653
300.306423422
300.366599506
300.424050412
300.47665388
300.522501959
300.559954793
300.587686703
300.604723363
300.610469062
300.604723363
300.587686703
300.559954793
300.522501959
300.47665388
300.424050412
300.366599506
300.306423422
300.245798653
300.18709117
300.132688677
300.084931701
300.046045335
300.018073468
300.002817278
300.0
300.0
300.0
300.0
300.0
300.0
300.0
300.0
300.0
300.0
300.0
300.0
300.0
300.0
300.0
300.0
300.0
300.0
300.0
300.0
300.0
300.0
300.0
300.0
300.0
300.0
300.0
300.0
300.0
300.0
300.0
300.0
300.0
300.0
300.0
300.0
300.0
300.0
300.0
300.0
300.0
300.0
300.0
300.0
300.0
300.0
300.0
300.0
300.0
300.0
300.0
300.0
300.0
300.0
300.0
300.0
300.0
300.0
300.0
300.0
300.0
300.0
300.0
300.0
300.0
300.0
300.0
300.0
300.001216753
300.014389018
300.042285843
300.083216322
300.135182568
300.195938798
300.263056463
300.333993698
300.406167241
300.477024925
300.544116848
300.605163333
300.658117917
300.701223715
300.733061682
300.752589523
300.759170232
300.752589523
300.733061682
300.701223715
300.658117917
300.605163333
300.544116848
300.477024925
300.406167241
300.333993698
300.263056463
300.195938798
300.135182568
300.083216322
300.042285843
300.014389018
300.001216753
300.0
300.0
300.0
300.0
300.0
300.0
300.0
300.0
300.0
300.0
300.0
300.0
300.0
300.0
300.0
300.0
300.0
300.0
300.0
300.0
300.0
300.0
300.0
300.0
300.0
300.0
300.0
300.0
300.0
300.0
300.0
300.0
300.0
300.0
300.0
300.0
300.0
300.0
300.0
300.0
300.0
300.0
300.0
300.0
300.0
300.0
300.0
300.0
300.0
300.0
300.0
300.0
300.0
300.0
300.0
300.0
300.0
300.0
300.0
300.0
300.0
300.0
300.0
300.0
300.0
300.0
300.000126077
300.008861429
300.034126723
300.074576674
300.128338541
300.193224574
300.26679443
300.346423744
300.429377078
300.512883325
300.5942116
300.670745659
300.740054904
300.799960134
300.848592349
300.884443082
300.906404956
300.91380143
300.906404956
300.884443082
300.848592349
300.799960134
300.740054904
300.670745659
300.5942116
300.512883325
300.429377078
300.346423744
300.26679443
300.193224574
300.128338541
300.074576674
300.034126723
300.008861429
300.000126077
300.0
300.0
300.0
300.0
300.0
300.0
300.0
300.0
300.0
300.0
300.0
300.0
300.0
300.0
300.0
300.0
300.0
300.0
300.0
300.0
300.0
300.0
300.0
300.0
300.0
300.0
300.0
300.0
300.0
300.0
300.0
300.0
300.0
300.0
300.0
300.0
300.0
300.0
300.0
300.0
300.0
300.0
300.0
300.0
300.0
300.0
300.0
300.0
300.0
300.0
300.0
300.0
300.0
300.0
300.0
300.0
300.0
300.0
300.0
300.0
300.0
300.0
300.0
300.0
300.0
300.003321198
300.023159757
300.060263658
300.112966614
300.179222413
300.256662478
300.342661413
300.434408818
300.528985522
300.623442261
300.714878764
300.800521218
300.877796126
300.944398656
300.998353727
301.038068282
301.062373391
301.070555123
301.062373391
301.038068282
300.998353727
300.944398656
300.877796126
300.800521218
300.714878764
300.623442261
300.528985522
300.434408818
300.342661413
300.256662478
300.179222413
300.112966614
300.060263658
300.023159757
300.003321198
300.0
300.0
300.0
300.0
300.0
300.0
300.0
300.0
300.0
300.0
300.0
300.0
300.0
300.0
300.0
300.0
300.0
300.0
300.0
300.0
300.0
300.0
300.0
300.0
300.0
300.0
300.0
300.0
300.0
300.0
300.0
300.0
300.0
300.0
300.0
300.0
300.0
300.0
300.0
300.0
300.0
300.0
300.0
300.0
300.0
300.0
300.0
300.0
300.0
300.0
300.0
300.0
300.0
300.0
300.0
300.0
300.0
300.0
300.0
300.0
300.0
300.0
300.0
300.0
300.000220631
300.011771319
300.042461418
300.090939682
300.155386234
300.233591844
300.323018249
300.420866606
300.524152317
300.629784316
300.73464677
300.835681133
300.929966429
301.014795758
301.087747037
301.146746213
301.19012132
301.216646021
301.225571515
301.216646021
301.19012132
301.146746213
301.087747037
301.014795758
300.929966429
300.835681133
300.73464677
300.629784316
300.524152317
300.420866606
300.323018249
300.233591844
300.155386234
300.090939682
300.042461418
300.011771319
300.000220631
300.0
300.0
300.0
300.0
300.0
300.0
300.0
300.0
300.0
300.0
300.0
300.0
300.0
300.0
300.0
300.0
300.0
300.0
300.0
300.0
300.0
300.0
300.0
300.0
300.0
300.0
300.0
300.0
300.0
300.0
300.0
300.0
300.0
300.0
300.0
300.0
300.0
300.0
300.0
300.0
300.0
300.0
300.0
300.0
300.0
300.0
300.0
300.0
300.0
300.0
300.0
300.0
300.0
300.0
300.0
300.0
300.0
300.0
300.0
300.0
300.0
300.0
300.0
300.002980128
300.024144363
300.065074871
300.124260476
300.199739205
300.289151248
300.389801794
300.498732149
300.612797308
300.728748027
300.843315293
300.953295076
301.055631195
301.147494219
301.226354411
301.290046862
301.336827186
301.365416359
301.375033587
301.365416359
301.336827186
301.290046862
301.226354411
301.147494219
301.055631195
300.953295076
300.843315293
300.728748027
300.612797308
300.498732149
300.389801794
300.289151248
300.199739205
300.124260476
300.065074871
300.024144363
300.002980128
300.0
300.0
300.0
300.0
300.0
300.0
300.0
300.0
300.0
300.0
300.0
300.0
300.0
300.0
300.0
300.0
300.0
300.0
300.0
300.0
300.0
300.0
300.0
300.0
300.0
300.0
300.0
300.0
300.0
300.0
300.0
300.0
300.0
300.0
300.0
300.0
300.0
300.0
300.0
300.0
300.0
300.0
300.0
300.0
300.0
300.0
300.0
300.0
300.0
300.0
300.0
300.0
300.0
300.0
300.0
300.0
300.0
300.0
300.0
300.0
300.0
300.0
300.000002718
300.008880721
300.038953962
300.0893228
300.15835689
300.243965478
300.343652453
300.454581459
300.573649392
300.697566444
300.822940665
300.946364919
301.06450405
301.174180053
301.272453137
301.35669662
301.424663795
301.474545084
301.505014045
301.515261088
301.505014045
301.474545084
301.424663795
301.35669662
301.272453137
301.174180053
301.06450405
300.946364919
300.822940665
300.697566444
300.573649392
300.454581459
300.343652453
300.243965478
300.15835689
300.0893228
300.038953962
300.008880721
300.000002718
300.0
300.0
300.0
300.0
300.0
300.0
300.0
300.0
300.0
300.0
300.0
300.0
300.0
300.0
300.0
300.0
300.0
300.0
300.0
300.0
300.0
300.0
300.0
300.0
300.0
300.0
300.0
300.0
300.0
300.0
300.0
300.0
300.0
300.0
300.0
300.0
300.0
300.0
300.0
300.0
300.0
300.0
300.0
300.0
300.0
300.0
300.0
300.0
300.0
300.0
300.0
300.0
300.0
300.0
300.0
300.0
300.0
300.0
300.0
300.0
300.0
300.00059375
300.016692926
300.054767674
300.113596231
300.191442784
300.286102756
300.394959706
300.515052427
300.643150533
300.775836664
300.909593234
301.040891557
301.166281125
301.282476802
301.386441768
301.475464127
301.547225284
301.599858375
301.631995294
301.642801151
301.631995294
301.599858375
301.547225284
301.475464127
301.386441768
301.282476802
301.166281125
301.040891557
300.909593234
300.775836664
300.643150533
300.515052427
300.394959706
300.286102756
300.191442784
300.113596231
300.054767674
300.016692926
300.00059375
300.0
300.0
300.0
300.0
300.0
300.0
300.0
300.0
300.0
300.0
300.0
300.0
300.0
300.0
300.0
300.0
300.0
300.0
300.0
300.0
300.0
300.0
300.0
300.0
300.0
300.0
300.0
300.0
300.0
300.0
300.0
300.0
300.0
300.0
300.0
300.0
300.0
300.0
300.0
300.0
300.0
300.0
300.0
300.0
300.0
300.0
300.0
300.0
300.0
300.0
300.0
300.0
300.0
300.0
300.0
300.0
300.0
300.0
300.0
300.0
300.0
300.002673477
300.025242792
300.070254792
300.136405833
300.221869756
300.324344592
300.441111037
300.569101229
300.704976123
300.845209525
300.986176692
301.124245308
301.255866547
301.377663987
301.486518145
301.579644545
301.654663368
301.709658966
301.74322776
301.754513316
301.74322776
301.709658966
301.654663368
301.579644545
301.486518145
301.377663987
301.255866547
301.124245308
300.986176692
300.845209525
300.704976123
300.569101229
300.441111037
300.324344592
300.221869756
300.136405833
300.070254792
300.025242792
300.002673477
300.0
300.0
300.0
300.0
300.0
300.0
300.0
300.0
300.0
300.0
300.0
300.0
300.0
300.0
300.0
300.0
300.0
300.0
300.0
300.0
300.0
300.0
300.0
300.0
300.0
300.0
300.0
300.0
300.0
300.0
300.0
300.0
300.0
300.0
300.0
300.0
300.0
300.0
300.0
300.0
300.0
300.0
300.0
300.0
300.0
300.0
300.0
300.0
300.0
300.0
300.0
300.0
300.0
300.0
300.0
300.0
300.0
300.0
300.0
300.0
300.0
300.005552933
300.033481303
300.084230236
300.156428943
300.248177266
300.357093539
300.480374341
300.614864652
300.75713667
300.903575338
301.050468454
301.19409914
301.330838368
301.457235262
301.570102934
301.666597728
301.744289914
301.801224078
301.835967723
301.847646859
301.835967723
301.801224078
301.744289914
301.666597728
301.570102934
301.457235262
301.330838368
301.19409914
301.050468454
300.903575338
300.75713667
300.614864652
300.480374341
300.357093539
300.248177266
300.156428943
300.084230236
300.033481303
300.005552933
300.0
300.0
300.0
300.0
300.0
300.0
300.0
300.0
300.0
300.0
300.0
300.0
300.0
300.0
300.0
300.0
300.0
300.0
300.0
300.0
300.0
300.0
300.0
300.0
300.0
300.0
300.0
300.0
300.0
300.0
300.0
300.0
300.0
300.0
300.0
300.0
300.0
300.0
300.0
300.0
300.0
300.0
300.0
300.0
300.0
300.0
300.0
300.0
300.0
300.0
300.0
300.0
300.0
300.0
300.0
300.0
300.0
300.0
300.0
300.0
300.0
300.008454494
300.040520363
300.095693285
300.172551027
300.269136781
300.383007916
300.511296701
300.650781511
300.797966742
300.949169478
301.100610746
301.248509123
301.389174378
301.519098826
301.635044155
301.734121565
301.813863255
301.872283485
301.9079277
301.919908523
301.9079277
301.872283485
301.813863255
301.734121565
301.635044155
301.519098826
301.389174378
301.248509123
301.100610746
300.949169478
300.797966742
300.650781511
300.511296701
300.383007916
300.269136781
300.172551027
300.095693285
300.040520363
300.008454494
300.0
300.0
300.0
300.0
300.0
300.0
300.0
300.0
300.0
300.0
300.0
300.0
300.0
300.0
300.0
300.0
300.0
300.0
300.0
300.0
300.0
300.0
300.0
300.0
300.0
300.0
300.0
300.0
300.0
300.0
300.0
300.0
300.0
300.0
300.0
300.0
300.0
300.0
300.0
300.0
300.0
300.0
300.0
300.0
300.0
300.0
300.0
300.0
300.0
300.0
300.0
300.0
300.0
300.0
300.0
300.0
300.0
300.0
300.0
300.0
300.0
300.010766479
300.045663002
300.103860061
300.183900414
300.283788732
300.401040945
300.532745629
300.675635918
300.826170172
300.980619403
301.13515932
301.2859647
301.42930378
301.561630334
301.679671162
301.780506842
301.861643752
301.921075579
301.95733281
301.969518987
301.95733281
301.921075579
301.861643752
301.780506842
301.679671162
301.561630334
301.42930378
301.2859647
301.13515932
300.980619403
300.826170172
300.675635918
300.532745629
300.401040945
300.283788732
300.183900414
300.103860061
300.045663002
300.010766479
300.0
300.0
300.0
300.0
300.0
300.0
300.0
300.0
300.0
300.0
300.0
300.0
300.0
300.0
300.0
300.0
300.0
300.0
300.0
300.0
300.0
300.0
300.0
300.0
300.0
300.0
300.0
300.0
300.0
300.0
300.0
300.0
300.0
300.0
300.0
300.0
300.0
300.0
300.0
300.0
300.0
300.0
300.0
300.0
300.0
300.0
300.0
300.0
300.0
300.0
300.0
300.0
300.0
300.0
300.0
300.0
300.0
300.0
300.0
300.0
300.0
300.012064949
300.048426927
300.108188831
300.189875352
300.291471289
300.410471203
300.543941144
300.688590926
300.840855183
300.996981188
301.153121297
301.305427722
301.450147306
301.583713969
301.702836541
301.804579829
301.886436909
301.946390874
301.982964508
301.995256675
301.982964508
301.946390874
301.886436909
301.804579829
301.702836541
301.583713969
301.450147306
301.305427722
301.153121297
300.996981188
300.840855183
300.688590926
300.543941144
300.410471203
300.291471289
300.189875352
300.108188831
300.048426927
300.012064949
300.0
300.0
300.0
300.0
300.0
300.0
300.0
300.0
300.0
300.0
300.0
300.0
300.0
300.0
300.0
300.0
300.0
300.0
300.0
300.0
300.0
300.0
300.0
300.0
300.0
300.0
300.0
300.0
300.0
300.0
300.0
300.0
300.0
300.0
300.0
300.0
300.0
300.0
300.0
300.0
300.0
300.0
300.0
300.0
300.0
300.0
300.0
300.0
300.0
300.0
300.0
300.0
300.0
300.0
300.0
300.0
300.0
300.0
300.0
300.0
300.0
300.012128726
300.048560753
300.108397443
300.190162625
300.29184015
300.410923558
300.544477824
300.689211651
300.841558536
300.997764624
301.153981155
301.306359263
301.451144772
301.584770653
301.70394488
301.805731507
301.887622975
301.947601871
301.984190613
301.996487841
301.984190613
301.947601871
301.887622975
301.805731507
301.70394488
301.584770653
301.451144772
301.306359263
301.153981155
300.997764624
300.841558536
300.689211651
300.544477824
300.410923558
300.29184015
300.190162625
300.108397443
300.048560753
300.012128726
300.0
300.0
300.0
300.0
300.0
300.0
300.0
300.0
300.0
300.0
300.0
300.0
300.0
300.0
300.0
300.0
300.0
300.0
300.0
300.0
300.0
300.0
300.0
300.0
300.0
300.0
300.0
300.0
300.0
300.0
300.0
300.0
300.0
300.0
300.0
300.0
300.0
300.0
300.0
300.0
300.0
300.0
300.0
300.0
300.0
300.0
300.0
300.0
300.0
300.0
300.0
300.0
300.0
300.0
300.0
300.0
300.0
300.0
300.0
300.0
300.0
300.01094721
300.046052434
300.104472382
300.184747234
300.28487883
300.402380052
300.534336264
300.677477276
300.828258064
300.982946255
301.137714227
301.288733539
301.432269377
301.564772683
301.682967695
301.783932742
301.865172302
301.924678553
301.960980885
301.973182169
301.960980885
301.924678553
301.865172302
301.783932742
301.682967695
301.564772683
301.432269377
301.288733539
301.137714227
300.982946255
300.828258064
300.677477276
300.534336264
300.402380052
300.28487883
300.184747234
300.104472382
300.046052434
300.01094721
300.0
300.0
300.0
300.0
300.0
300.0
300.0
300.0
300.0
300.0
300.0
300.0
300.0
300.0
300.0
300.0
300.0
300.0
300.0
300.0
300.0
300.0
300.0
300.0
300.0
300.0
300.0
300.0
300.0
300.0
300.0
300.0
300.0
300.0
300.0
300.0
300.0
300.0
300.0
300.0
300.0
300.0
300.0
300.0
300.0
300.0
300.0
300.0
300.0
300.0
300.0
300.0
300.0
300.0
300.0
300.0
300.0
300.0
300.0
300.0
300.0
300.00872075
300.041129671
300.096669202
300.173912857
300.27089915
300.385180417
300.51388362
300.653781635
300.801373265
300.952969996
301.104787345
301.253038569
301.394028387
301.52424443
301.640444145
301.739735009
301.819646084
301.878189128
301.913907768
301.925913522
301.913907768
301.878189128
301.819646084
301.739735009
301.640444145
301.52424443
301.394028387
301.253038569
301.104787345
300.952969996
300.801373265
300.653781635
300.51388362
300.385180417
300.27089915
300.173912857
300.096669202
300.041129671
300.00872075
300.0
300.0
300.0
300.0
300.0
300.0
300.0
300.0
300.0
300.0
300.0
300.0
300.0
300.0
300.0
300.0
300.0
300.0
300.0
300.0
300.0
300.0
300.0
300.0
300.0
300.0
300.0
300.0
300.0
300.0
300.0
300.0
300.0
300.0
300.0
300.0
300.0
300.0
300.0
300.0
300.0
300.0
300.0
300.0
300.0
300.0
300.0
300.0
300.0
300.0
300.0
300.0
300.0
300.0
300.0
300.0
300.0
300.0
300.0
300.0
300.0
300.00585357
300.03425227
300.085504327
300.158233086
300.250531927
300.36001223
300.483863238
300.618922329
300.761753962
300.908735335
301.056146623
301.200263579
301.337450187
301.464249086
301.577467513
301.674256658
301.752182443
301.809285993
301.844132288
301.855845812
301.844132288
301.809285993
301.752182443
301.674256658
301.577467513
301.464249086
301.337450187
301.200263579
301.056146623
300.908735335
300.761753962
300.618922329
300.483863238
300.36001223
300.250531927
300.158233086
300.085504327
300.03425227
300.00585357
300.0
300.0
300.0
300.0
300.0
300.0
300.0
300.0
300.0
300.0
300.0
300.0
300.0
300.0
300.0
300.0
300.0
300.0
300.0
300.0
300.0
300.0
300.0
300.0
300.0
300.0
300.0
300.0
300.0
300.0
300.0
300.0
300.0
300.0
300.0
300.0
300.0
300.0
300.0
300.0
300.0
300.0
300.0
300.0
300.0
300.0
300.0
300.0
300.0
300.0
300.0
300.0
300.0
300.0
300.0
300.0
300.0
300.0
300.0
300.0
300.0
300.002939448
300.026096678
300.071738436
300.138553683
300.224708106
300.327890951
300.44537364
300.574078697
300.710657288
300.851573414
300.993192684
301.131873447
301.264058028
301.386361786
301.495657798
301.589155056
301.66446823
301.719677283
301.753375442
301.764704337
301.753375442
301.719677283
301.66446823
301.589155056
301.495657798
301.386361786
301.264058028
301.131873447
300.993192684
300.851573414
300.710657288
300.574078697
300.44537364
300.327890951
300.224708106
300.138553683
300.071738436
300.026096678
300.002939448
300.0
300.0
300.0
300.0
300.0
300.0
300.0
300.0
300.0
300.0
300.0
300.0
300.0
300.0
300.0
300.0
300.0
300.0
300.0
300.0
300.0
300.0
300.0
300.0
300.0
300.0
300.0
300.0
300.0
300.0
300.0
300.0
300.0
300.0
300.0
300.0
300.0
300.0
300.0
300.0
300.0
300.0
300.0
300.0
300.0
300.0
300.0
300.0
300.0
300.0
300.0
300.0
300.0
300.0
300.0
300.0
300.0
300.0
300.0
300.0
300.0
300.000740577
300.017533132
300.056351914
300.11596634
300.19463086
300.290130395
300.399837411
300.520779192
300.649713625
300.783211603
300.917743971
301.049770852
301.17583112
301.292629782
301.397121087
301.4865853
301.558697212
301.611584689
301.643875792
301.654733304
301.643875792
301.611584689
301.558697212
301.4865853
301.397121087
301.292629782
301.17583112
301.049770852
300.917743971
300.783211603
300.649713625
300.520779192
300.399837411
300.290130395
300.19463086
300.11596634
300.056351914
300.017533132
300.000740577
300.0
300.0
300.0
300.0
300.0
300.0
300.0
300.0
300.0
300.0
300.0
300.0
300.0
300.0
300.0
300.0
300.0
300.0
300.0
300.0
300.0
300.0
300.0
300.0
300.0
300.0
300.0
300.0
300.0
300.0
300.0
300.0
300.0
300.0
300.0
300.0
300.0
300.0
300.0
300.0
300.0
300.0
300.0
300.0
300.0
300.0
300.0
300.0
300.0
300.0
300.0
300.0
300.0
300.0
300.0
300.0
300.0
300.0
300.0
300.0
300.0
300.000009684
300.00959609
300.040513054
300.091774669
300.161739404
300.248304422
300.348960835
300.460859023
300.580882358
300.705727474
300.831989065
300.956247071
301.075154068
301.185520657
301.284396725
301.369146526
301.437515705
301.487688588
301.518334302
301.528640563
301.518334302
301.487688588
301.437515705
301.369146526
301.284396725
301.185520657
301.075154068
300.956247071
300.831989065
300.705727474
300.580882358
300.460859023
300.348960835
300.248304422
300.161739404
300.091774669
300.040513054
300.00959609
300.000009684
300.0
300.0
300.0
300.0
300.0
300.0
300.0
300.0
300.0
300.0
300.0
300.0
300.0
300.0
300.0
300.0
300.0
300.0
300.0
300.0
300.0
300.0
300.0
300.0
300.0
300.0
300.0
300.0
300.0
300.0
300.0
300.0
300.0
300.0
300.0
300.0
300.0
300.0
300.0
300.0
300.0
300.0
300.0
300.0
300.0
300.0
300.0
300.0
300.0
300.0
300.0
300.0
300.0
300.0
300.0
300.0
300.0
300.0
300.0
300.0
300.0
300.0
300.003448771
300.025539899
300.067453371
300.127665523
300.204200876
300.294685317
300.396409179
300.5063986
300.621493365
300.738429235
300.853922682
300.964755892
301.067859877
301.160393602
301.239817136
301.303956967
301.351061853
301.379847785
301.389530938
301.379847785
301.351061853
301.303956967
301.239817136
301.160393602
301.067859877
300.964755892
300.853922682
300.738429235
300.621493365
300.5063986
300.396409179
300.294685317
300.204200876
300.127665523
300.067453371
300.025539899
300.003448771
300.0
300.0
300.0
300.0
300.0
300.0
300.0
300.0
300.0
300.0
300.0
300.0
300.0
300.0
300.0
300.0
300.0
300.0
300.0
300.0
300.0
300.0
300.0
300.0
300.0
300.0
300.0
300.0
300.0
300.0
300.0
300.0
300.0
300.0
300.0
300.0
300.0
300.0
300.0
300.0
300.0
300.0
300.0
300.0
300.0
300.0
300.0
300.0
300.0
300.0
300.0
300.0
300.0
300.0
300.0
300.0
300.0
300.0
300.0
300.0
300.0
300.0
300.0
300.000333341
300.012856814
300.044601701
300.094183979
300.159769012
300.23913192
300.329718164
300.42871227
300.53311295
300.639812671
300.745679653
300.847640196
300.942759244
301.028317131
301.101880557
301.161366003
301.205093957
301.23183259
301.240829768
301.23183259
301.205093957
301.161366003
301.101880557
301.028317131
300.942759244
300.847640196
300.745679653
300.639812671
300.53311295
300.42871227
300.329718164
300.23913192
300.159769012
300.094183979
300.044601701
300.012856814
300.000333341
300.0
300.0
300.0
300.0
300.0
300.0
300.0
300.0
300.0
300.0
300.0
300.0
300.0
300.0
300.0
300.0
300.0
300.0
300.0
300.0
300.0
300.0
300.0
300.0
300.0
300.0
300.0
300.0
300.0
300.0
300.0
300.0
300.0
300.0
300.0
300.0
300.0
300.0
300.0
300.0
300.0
300.0
300.0
300.0
300.0
300.0
300.0
300.0
300.0
300.0
300.0
300.0
300.0
300.0
300.0
300.0
300.0
300.0
300.0
300.0
300.0
300.0
300.0
300.0
300.00394701
300.024892544
300.063158186
300.117061828
300.184540452
300.263207977
300.350421106
300.443351453
300.539062094
300.634586556
300.72700821
300.813538034
300.89158874
300.958843371
301.013316615
301.053407252
301.077940416
301.08619857
301.077940416
301.053407252
301.013316615
300.958843371
300.89158874
300.813538034
300.72700821
300.634586556
300.539062094
300.443351453
300.350421106
300.263207977
300.184540452
300.117061828
300.063158186
300.024892544
300.00394701
300.0
300.0
300.0
300.0
300.0
300.0
300.0
300.0
300.0
300.0
300.0
300.0
300.0
300.0
300.0
300.0
300.0
300.0
300.0
300.0
300.0
300.0
300.0
300.0
300.0
300.0
300.0
300.0
300.0
300.0
300.0
300.0
300.0
300.0
300.0
300.0
300.0
300.0
300.0
300.0
300.0
300.0
300.0
300.0
300.0
300.0
300.0
300.0
300.0
300.0
300.0
300.0
300.0
300.0
300.0
300.0
300.0
300.0
300.0
300.0
300.0
300.0
300.0
300.0
300.0
300.000220666
300.010018502
300.036482605
300.078174854
300.13320475
300.199366019
300.274199348
300.355061295
300.439197572
300.523818788
300.606176669
300.683638792
300.753759884
300.814347838
300.863522759
300.899767486
300.92196832
300.929444877
300.92196832
300.899767486
300.863522759
300.814347838
300.753759884
300.683638792
300.606176669
300.523818788
300.439197572
300.355061295
300.274199348
300.199366019
300.13320475
300.078174854
300.036482605
300.010018502
300.000220666
300.0
300.0
300.0
300.0
300.0
300.0
300.0
300.0
300.0
300.0
300.0
300.0
300.0
300.0
300.0
300.0
300.0
300.0
300.0
300.0
300.0
300.0
300.0
300.0
300.0
300.0
300.0
300.0
300.0
300.0
300.0
300.0
300.0
300.0
300.0
300.0
300.0
300.0
300.0
300.0
300.0
300.0
300.0
300.0
300.0
300.0
300.0
300.0
300.0
300.0
300.0
300.0
300.0
300.0
300.0
300.0
300.0
300.0
300.0
300.0
300.0
300.0
300.0
300.0
300.0
300.0
300.001636517
300.016023473
300.045183065
300.087405887
300.140674722
300.202723963
300.271105101
300.343256531
300.416575823
300.488492574
300.556539898
300.61842271
300.672080992
300.715746406
300.747990771
300.767765146
300.774428485
300.767765146
300.747990771
300.715746406
300.672080992
300.61842271
300.556539898
300.488492574
300.416575823
300.343256531
300.271105101
300.202723963
300.140674722
300.087405887
300.045183065
300.016023473
300.001636517
300.0
300.0
300.0
300.0
300.0
300.0
300.0
300.0
300.0
300.0
300.0
300.0
300.0
300.0
300.0
300.0
300.0
300.0
300.0
300.0
300.0
300.0
300.0
300.0
300.0
300.0
300.0
300.0
300.0
300.0
300.0
300.0
300.0
300.0
300.0
300.0
300.0
300.0
300.0
300.0
300.0
300.0
300.0
300.0
300.0
300.0
300.0
300.0
300.0
300.0
300.0
300.0
300.0
300.0
300.0
300.0
300.0
300.0
300.0
300.0
300.0
300.0
300.0
300.0
300.0
300.0
300.0
300.0
300.003559496
300.020077624
300.049345074
300.089540755
300.13860032
300.194278048
300.254212991
300.315997598
300.377246998
300.435667085
300.489119613
300.535682558
300.573704171
300.601849287
300.61913667
300.624966413
300.61913667
300.601849287
300.573704171
300.535682558
300.489119613
300.435667085
300.377246998
300.315997598
300.254212991
300.194278048
300.13860032
300.089540755
300.049345074
300.020077624
300.003559496
300.0
300.0
300.0
300.0
300.0
300.0
300.0
300.0
300.0
300.0
300.0
300.0
300.0
300.0
300.0
300.0
300.0
300.0
300.0
300.0
300.0
300.0
300.0
300.0
300.0
300.0
300.0
300.0
300.0
300.0
300.0
300.0
300.0
300.0
300.0
300.0
300.0
300.0
300.0
300.0
300.0
300.0
300.0
300.0
300.0
300.0
300.0
300.0
300.0
300.0
300.0
300.0
300.0
300.0
300.0
300.0
300.0
300.0
300.0
300.0
300.0
300.0
300.0
300.0
300.0
300.0
300.0
300.0
300.0
300.000037312
300.004704185
300.021078079
300.048225696
300.084289277
300.127231561
300.174898112
300.225082147
300.275590095
300.324306127
300.369253918
300.408653978
300.44097503
300.464978051
300.479751803
300.484738912
300.479751803
300.464978051
300.44097503
300.408653978
300.369253918
300.324306127
300.275590095
300.225082147
300.174898112
300.127231561
300.084289277
300.048225696
300.021078079
300.004704185
300.000037312
300.0
300.0
300.0
300.0
300.0
300.0
300.0
300.0
300.0
300.0
300.0
300.0
300.0
300.0
300.0
300.0
300.0
300.0
300.0
300.0
300.0
300.0
300.0
300.0
300.0
300.0
300.0
300.0
300.0
300.0
300.0
300.0
300.0
300.0
300.0
300.0
300.0
300.0
300.0
300.0
300.0
300.0
300.0
300.0
300.0
300.0
300.0
300.0
300.0
300.0
300.0
300.0
300.0
300.0
300.0
300.0
300.0
300.0
300.0
300.0
300.0
300.0
300.0
300.0
300.0
300.0
300.0
300.0
300.0
300.0
300.000075055
300.004452918
300.018779991
300.042037581
300.072400346
300.107924076
300.146606594
300.186449475
300.22551889
300.262003931
300.294270797
300.3209114
300.34078506
300.353052158
300.357198849
300.353052158
300.34078506
300.3209114
300.294270797
300.262003931
300.22551889
300.186449475
300.146606594
300.107924076
300.072400346
300.042037581
300.018779991
300.004452918
300.000075055
300.0
300.0
300.0
300.0
300.0
300.0
300.0
300.0
300.0
300.0
300.0
300.0
300.0
300.0
300.0
300.0
300.0
300.0
300.0
300.0
300.0
300.0
300.0
300.0
300.0
300.0
300.0
300.0
300.0
300.0
300.0
300.0
300.0
300.0
300.0
300.0
300.0
300.0
300.0
300.0
300.0
300.0
300.0
300.0
300.0
300.0
300.0
300.0
300.0
300.0
300.0
300.0
300.0
300.0
300.0
300.0
300.0
300.0
300.0
300.0
300.0
300.0
300.0
300.0
300.0
300.0
300.0
300.0
300.0
300.0
300.0
300.0
300.000034886
300.002981989
300.01381342
300.031934651
300.055613271
300.083053501
300.112453983
300.142064848
300.170242502
300.195500597
300.216555787
300.232367012
300.242167223
300.245486684
300.242167223
300.232367012
300.216555787
300.195500597
300.170242502
300.142064848
300.112453983
300.083053501
300.055613271
300.031934651
300.01381342
300.002981989
300.000034886
300.0
300.0
300.0
300.0
300.0
300.0
300.0
300.0
300.0
300.0
300.0
300.0
300.0
300.0
300.0
300.0
300.0
300.0
300.0
300.0
300.0
300.0
300.0
300.0
300.0
300.0
300.0
300.0
300.0
300.0
300.0
300.0
300.0
300.0
300.0
300.0
300.0
300.0
300.0
300.0
300.0
300.0
300.0
300.0
300.0
300.0
300.0
300.0
300.0
300.0
300.0
300.0
300.0
300.0
300.0
300.0
300.0
300.0
300.0
300.0
300.0
300.0
300.0
300.0
300.0
300.0
300.0
300.0
300.0
300.0
300.0
300.0
300.0
300.0
300.0
300.001207358
300.007639523
300.019934602
300.036544466
300.055864845
300.076330037
300.096464091
300.114928503
300.130565065
300.142432697
300.149837202
300.152353141
300.149837202
300.142432697
300.130565065
300.114928503
300.096464091
300.076330037
300.055864845
300.036544466
300.019934602
300.007639523
300.001207358
300.0
300.0
300.0
300.0
300.0
300.0
300.0
300.0
300.0
300.0
300.0
300.0
300.0
300.0
300.0
300.0
300.0
300.0
300.0
300.0
300.0
300.0
300.0
300.0
300.0
300.0
300.0
300.0
300.0
300.0
300.0
300.0
300.0
300.0
300.0
300.0
300.0
300.0
300.0
300.0
300.0
300.0
300.0
300.0
300.0
300.0
300.0
300.0
300.0
300.0
300.0
300.0
300.0
300.0
300.0
300.0
300.0
300.0
300.0
300.0
300.0
300.0
300.0
300.0
300.0
300.0
300.0
300.0
300.0
300.0
300.0
300.0
300.0
300.0
300.0
300.0
300.0
300.0
300.000153234
300.002447059
300.008782667
300.018515896
300.030265241
300.042721191
300.054692127
300.065144254
300.073235935
300.078345461
300.080091477
300.078345461
300.073235935
300.065144254
300.054692127
300.042721191
300.030265241
300.018515896
300.008782667
300.002447059
300.000153234
300.0
300.0
300.0
300.0
300.0
300.0
300.0
300.0
300.0
300.0
300.0
300.0
300.0
300.0
300.0
300.0
300.0
300.0
300.0
300.0
300.0
300.0
300.0
300.0
300.0
300.0
300.0
300.0
300.0
300.0
300.0
300.0
300.0
300.0
300.0
300.0
300.0
300.0
300.0
300.0
300.0
300.0
300.0
300.0
300.0
300.0
300.0
300.0
300.0
300.0
300.0
300.0
300.0
300.0
300.0
300.0
300.0
300.0
300.0
300.0
300.0
300.0
300.0
300.0
300.0
300.0
300.0
300.0
300.0
300.0
300.0
300.0
300.0
300.0
300.0
300.0
300.0
300.0
300.0
300.0
300.0
300.000186084
300.001730357
300.005334967
300.010571663
300.016427557
300.021991445
300.026519734
300.029462213
300.030481013
300.029462213
300.026519734
300.021991445
300.016427557
300.010571663
300.005334967
300.001730357
300.000186084
300.0
300.0
300.0
300.0
300.0
300.0
300.0
300.0
300.0
300.0
300.0
300.0
300.0
300.0
300.0
300.0
300.0
300.0
300.0
300.0
300.0
300.0
300.0
300.0
300.0
300.0
300.0
300.0
300.0
300.0
300.0
300.0
300.0
300.0
300.0
300.0
300.0
300.0
300.0
300.0
300.0
300.0
300.0
300.0
300.0
300.0
300.0
300.0
300.0
300.0
300.0
300.0
300.0
300.0
300.0
300.0
300.0
300.0
300.0
300.0
300.0
300.0
300.0
300.0
300.0
300.0
300.0
300.0
300.0
300.0
300.0
300.0
300.0
300.0
300.0
300.0
300.0
300.0
300.0
300.0
300.0
300.0
300.0
300.0
300.0
300.000006966
300.000271193
300.001055994
300.002235169
300.003473033
300.00440084
300.004743325
300.00440084
300.003473033
300.002235169
300.001055994
300.000271193
300.000006966
300.0
300.0
300.0
300.0
300.0
300.0
300.0
300.0
300.0
300.0
300.0
300.0
300.0
300.0
300.0
300.0
300.0
300.0
300.0
300.0
300.0
300.0
300.0
300.0
300.0
300.0
300.0
300.0
300.0
300.0
300.0
300.0
300.0
300.0
300.0
300.0
300.0
300.0
300.0
300.0
300.0
300.0
300.0
300.0
300.0
300.0
300.0
300.0
300.0
300.0
300.0
300.0
300.0
300.0
300.0
300.0
300.0
300.0
300.0
300.0
300.0
300.0
300.0
300.0
300.0
300.0
300.0
300.0
300.0
300.0
300.0
300.0
300.0
300.0
300.0
300.0
300.0
300.0
300.0
300.0
300.0
300.0
300.0
300.0
300.0
300.0
300.0
300.0
300.0
300.0
300.0
300.0
300.0
300.0
300.0
300.0
300.0
300.0
300.0
300.0
300.0
300.0
300.0
300.0
300.0
300.0
300.0
300.0
300.0
300.0
300.0
300.0
300.0
300.0
300.0
300.0
300.0
300.0
300.0
300.0
300.0
300.0
300.0
300.0
300.0
300.0
300.0
300.0
300.0
300.0
300.0
300.0
300.0
300.0
300.0
300.0
300.0
300.0
300.0
300.0
300.0
300.0
300.0
300.0
300.0
300.0
300.0
300.0
300.0
300.0
300.0
300.0
300.0
300.0
300.0
300.0
300.0
300.0
300.0
300.0
300.0
300.0
300.0
300.0
300.0
300.0
300.0
300.0
300.0
300.0
300.0
300.0
300.0
300.0
300.0
300.0
300.0
300.0
300.0
300.0
300.0
300.0
300.0
300.0
300.0
300.0
300.0
300.0
300.0
300.0
300.0
300.0
300.0
300.0
300.0
300.0
300.0
300.0
300.0
300.0
300.0
300.0
300.0
300.0
300.0
300.0
300.0
300.0
300.0
300.0
300.0
300.0
300.0
300.0
300.0
300.0
300.0
300.0
300.0
300.0
300.0
300.0
300.0
300.0
300.0
300.0
300.0
300.0
300.0
300.0
300.0
300.0
300.0
300.0
300.0
300.0
300.0
300.0
300.0
300.0
300.0
300.0
300.0
300.0
300.0
300.0
300.0
300.0
300.0
300.0
300.0
300.0
300.0
300.0
300.0
300.0
300.0
300.0
300.0
300.0
300.0
300.0
300.0
300.0
300.0
300.0
300.0
300.0
300.0
300.0
300.0
300.0
300.0
300.0
300.0
300.0
300.0
300.0
300.0
300.0
300.0
300.0
300.0
300.0
300.0
300.0
300.0
300.0
300.0
300.0
300.0
300.0
300.0
300.0
300.0
300.0
300.0
300.0
300.0
300.0
300.0
300.0
300.0
300.0
300.0
300.0
300.0
300.0
300.0
300.0
300.0
300.0
300.0
300.0
300.0
300.0
300.0
300.0
300.0
300.0
300.0
300.0
300.0
300.0
300.0
300.0
300.0
300.0
300.0
300.0
300.0
300.0
300.0
300.0
300.0
300.0
300.0
300.0
300.0
300.0
300.0
300.0
300.0
300.0
300.0
300.0
300.0
300.0
300.0
300.0
300.0
300.0
300.0
300.0
300.0
300.0
300.0
300.0
300.0
300.0
300.0
300.0
300.0
300.0
300.0
300.0
300.0
300.0
300.0
300.0
300.0
300.0
300.0
300.0
300.0
300.0
300.0
300.0
300.0
300.0
300.0
300.0
300.0
300.0
300.0
300.0
300.0
300.0
300.0
300.0
300.0
300.0
300.0
300.0
300.0
300.0
300.0
300.0
300.0
300.0
300.0
300.0
300.0
300.0
300.0
300.0
300.0
300.0
300.0
300.0
300.0
300.0
300.0
300.0
300.0
300.0
300.0
300.0
300.0
300.0
300.0
300.0
300.0
300.0
300.0
300.0
300.0
300.0
300.0
300.0
300.0
300.0
300.0
300.0
300.0
300.0
300.0
300.0
300.0
300.0
300.0
300.0
300.0
300.0
300.0
300.0
300.0
300.0
300.0
300.0
300.0
300.0
300.0
300.0
300.0
300.0
300.0
300.0
300.0
300.0
300.0
300.0
300.0
300.0
300.0
300.0
300.0
300.0
300.0
300.0
300.0
300.0
300.0
300.0
300.0
300.0
300.0
300.0
300.0
300.0
300.0
300.0
300.0
300.0
300.0
300.0
300.0
300.0
300.0
300.0
300.0
300.0
300.0
300.0
300.0
300.0
300.0
300.0
300.0
300.0
300.0
300.0
300.0
300.0
300.0
300.0
300.0
300.0
300.0
300.0
300.0
300.0
300.0
300.0
300.0
300.0
300.0
300.0
300.0
300.0
300.0
300.0
300.0
300.0
300.0
300.0
300.0
300.0
300.0
300.0
300.0
300.0
300.0
300.0
300.0
300.0
300.0
300.0
300.0
300.0
300.0
300.0
300.0
300.0
300.0
300.0
300.0
300.0
300.0
300.0
300.0
300.0
300.0
300.0
300.0
300.0
300.0
300.0
300.0
300.0
300.0
300.0
300.0
300.0
300.0
300.0
300.0
300.0
300.0
300.0
300.0
300.0
300.0
300.0
300.0
300.0
300.0
300.0
300.0
300.0
300.0
300.0
300.0
300.0
300.0
300.0
300.0
300.0
300.0
300.0
300.0
300.0
300.0
300.0
300.0
300.0
300.0
300.0
300.0
300.0
300.0
300.0
300.0
300.0
300.0
300.0
300.0
300.0
300.0
300.0
300.0
300.0
300.0
300.0
300.0
300.0
300.0
300.0
300.0
300.0
300.0
300.0
300.0
300.0
300.0
300.0
300.0
300.0
300.0
300.0
300.0
300.0
300.0
300.0
300.0
300.0
300.0
300.0
300.0
300.0
300.0
300.0
300.0
300.0
300.0
300.0
300.0
300.0
300.0
300.0
300.0
300.0
300.0
300.0
300.0
300.0
300.0
300.0
300.0
300.0
300.0
300.0
300.0
300.0
300.0
300.0
300.0
300.0
300.0
300.0
300.0
300.0
300.0
300.0
300.0
300.0
300.0
300.0
300.0
300.0
300.0
300.0
300.0
300.0
300.0
300.0
300.0
300.0
300.0
300.0
300.0
300.0
300.0
300.0
300.0
300.0
300.0
300.0
300.0
300.0
300.0
300.0
300.0
300.0
300.0
300.0
300.0
300.0
300.0
300.0
300.0
300.0
300.0
300.0
300.0
300.0
300.0
300.0
300.0
300.0
300.0
300.0
300.0
300.0
300.0
300.0
300.0
300.0
300.0
300.0
300.0
300.0
300.0
300.0
300.0
300.0
300.0
300.0
300.0
300.0
300.0
300.0
300.0
300.0
300.0
300.0
300.0
300.0
300.0
300.0
300.0
300.0
300.0
300.0
300.0
300.0
300.0
300.0
300.0
300.0
300.0
300.0
300.0
300.0
300.0
300.0
300.0
300.0
300.0
300.0
300.0
300.0
300.0
300.0
300.0
300.0
300.0
300.0
300.0
300.0
300.0
300.0
300.0
300.0
300.0
300.0
300.0
300.0
300.0
300.0
300.0
300.0
300.0
300.0
300.0
300.0
300.0
300.0
300.0
300.0
300.0
300.0
300.0
300.0
300.0
300.0
300.0
300.0
300.0
300.0
300.0
300.0
300.0
300.0
300.0
300.0
300.0
300.0
300.0
300.0
300.0
300.0
300.0
300.0
300.0
300.0
300.0
300.0
300.0
300.0
300.0
300.0
300.0
300.0
300.0
300.0
300.0
300.0
300.0
300.0
300.0
300.0
300.0
300.0
300.0
300.0
300.0
300.0
300.0
300.0
300.0
300.0
300.0
300.0
300.0
300.0
300.0
300.0
300.0
300.0
300.0
300.0
300.0
300.0
300.0
300.0
300.0
300.0
300.0
300.0
300.0
300.0
300.0
300.0
300.0
300.0
300.0
300.0
300.0
300.0
300.0
300.0
300.0
300.0
300.0
300.0
300.0
300.0
300.0
300.0
300.0
300.0
300.0
300.0
300.0
300.0
300.0
300.0
300.0
300.0
300.0
300.0
300.0
300.0
300.0
300.0
300.0
300.0
300.0
300.0
300.0
300.0
300.0
300.0
300.0
300.0
300.0
300.0
300.0
300.0
300.0
300.0
300.0
300.0
300.0
300.0
300.0
300.0
300.0
300.0
300.0
300.0
300.0
300.0
300.0
300.0
300.0
300.0
300.0
300.0
300.0
300.0
300.0
300.0
300.0
300.0
300.0
300.0
300.0
300.0
300.0
300.0
300.0
300.0
300.0
300.0
300.0
300.0
300.0
300.0
300.0
300.0
300.0
300.0
300.0
300.0
300.0
300.0
300.0
300.0
300.0
300.0
300.0
300.0
300.0
300.0
300.0
300.0
300.0
300.0
300.0
300.0
300.0
300.0
300.0
300.0
300.0
300.0
300.0
300.0
300.0
300.0
300.0
300.0
300.0
300.0
300.0
300.0
300.0
300.0
300.0
300.0
300.0
300.0
300.0
300.0
300.0
300.0
300.0
300.0
300.0
300.0
300.0
300.0
300.0
300.0
300.0
300.0
300.0
300.0
300.0
300.0
300.0
300.0
300.0
300.0
300.0
300.0
300.0
300.0
300.0
300.0
300.0
300.0
300.0
300.0
300.0
300.0
300.0
300.0
300.0
300.0
300.0
300.0
300.0
300.0
300.0
300.0
300.0
300.0
300.0
300.0
300.0
300.0
300.0
300.0
300.0
300.0
300.0
300.0
300.0
300.0
300.0
300.0
300.0
300.0
300.0
300.0
300.0
300.0
300.0
300.0
300.0
300.0
300.0
300.0
300.0
300.0
300.0
300.0
300.0
300.0
300.0
300.0
300.0
300.0
300.0
300.0
300.0
300.0
300.0
300.0
300.0
300.0
300.0
300.0
300.0
300.0
300.0
300.0
300.0
300.0
300.0
300.0
300.0
300.0
300.0
300.0
300.0
300.0
300.0
300.0
300.0
300.0
300.0
300.0
300.0
300.0
300.0
300.0
300.0
300.0
300.0
300.0
300.0
300.0
300.0
300.0
300.0
300.0
300.0
300.0
300.0
300.0
300.0
300.0
300.0
300.0
300.0
300.0
300.0
300.0
300.0
300.0
300.0
300.0
300.0
300.0
300.0
300.0
300.0
300.0
300.0
300.0
300.0
300.0
300.0
300.0
300.0
300.0
300.0
300.0
300.0
300.0
300.0
300.0
300.0
300.0
300.0
300.0
300.0
300.0
300.0
300.0
300.0
300.0
300.0
300.0
300.0
300.0
300.0
300.0
300.0
300.0
300.0
300.0
300.0
300.0
300.0
300.0
300.0
300.0
300.0
300.0
300.0
300.0
300.0
300.0
300.0
300.0
300.0
300.0
300.0
300.0
300.0
300.0
300.0
300.0
300.0
300.0
300.0
300.0
300.0
300.0
300.0
300.0
300.0
300.0
300.0
300.0
300.0
300.0
300.0
300.0
300.0
300.0
300.0
300.0
300.0
300.0
300.0
300.0
300.0
300.0
300.0
300.0
300.0
300.0
300.0
300.0
300.0
300.0
300.0
300.0
300.0
300.0
300.0
300.0
300.0
300.0
300.0
300.0
300.0
300.0
300.0
300.0
300.0
300.0
300.0
300.0
300.0
300.0
300.0
300.0
300.0
300.0
300.0
300.0
300.0
300.0
300.0
300.0
300.0
300.0
300.0
300.0
300.0
300.0
300.0
300.0
300.0
300.0
300.0
300.0
300.0
300.0
300.0
300.0
300.0
300.0
300.0
300.0
300.0
300.0
300.0
300.0
300.0
300.0
300.0
300.0
300.0
300.0
300.0
300.0
300.0
300.0
300.0
300.0
300.0
300.0
300.0
300.0
300.0
300.0
300.0
300.0
300.0
300.0
300.0
300.0
300.0
300.0
300.0
300.0
300.0
300.0
300.0
300.0
300.0
300.0
300.0
300.0
300.0
300.0
300.0
300.0
300.0
300.0
300.0
300.0
300.0
300.0
300.0
300.0
300.0
300.0
300.0
300.0
300.0
300.0
300.0
300.0
300.0
300.0
300.0
300.0
300.0
300.0
300.0
300.0
300.0
300.0
300.0
300.0
300.0
300.0
300.0
300.0
300.0
300.0
300.0
300.0
300.0
300.0
300.0
300.0
300.0
300.0
300.0
300.0
300.0
300.0
300.0
300.0
300.0
300.0
300.0
300.0
300.0
300.0
300.0
300.0
300.0
300.0
300.0
300.0
300.0
300.0
300.0
300.0
300.0
300.0
300.0
300.0
300.0
300.0
300.0
300.0
300.0
300.0
300.0
300.0
300.0
300.0
300.0
300.0
300.0
300.0
300.0
300.0
300.0
300.0
300.0
300.0
300.0
300.0
300.0
300.0
300.0
300.0
300.0
300.0
300.0
300.0
300.0
300.0
300.0
300.0
300.0
300.0
300.0
300.0
300.0
300.0
300.0
300.0
300.0
300.0
300.0
300.0
300.0
300.0
300.0
300.0
300.0
300.0
300.0
300.0
300.0
300.0
300.0
300.0
300.0
300.0
300.0
300.0
300.0
300.0
300.0
300.0
300.0
300.0
300.0
300.0
300.0
300.0
300.0
300.0
300.0
300.0
300.0
300.0
300.0
300.0
300.0
300.0
300.0
300.0
300.0
300.0
300.0
300.0
300.0
300.0
300.0
300.0
300.0
300.0
300.0
300.0
300.0
300.0
300.0
300.0
300.0
300.0
300.0
300.0
300.0
300.0
300.0
300.0
300.0
300.0
300.0
300.0
300.0
300.0
300.0
300.0
300.0
300.0
300.0
300.0
300.0
300.0
300.0
300.0
300.0
300.0
300.0
300.0
300.0
300.0
300.0
300.0
300.0
300.0
300.0
300.0
300.0
300.0
300.0
300.0
300.0
300.0
300.0
300.0
300.0
300.0
300.0
300.0
300.0
300.0
300.0
300.0
300.0
300.0
300.0
300.0
300.0
300.0
300.0
300.0
300.0
300.0
300.0
300.0
300.0
300.0
300.0
300.0
300.0
300.0
300.0
300.0
300.0
300.0
300.0
300.0
300.0
300.0
300.0
300.0
300.0
300.0
300.0
300.0
300.0
300.0
300.0
300.0
300.0
300.0
300.0
300.0
300.0
300.0
300.0
300.0
300.0
300.0
300.0
300.0
300.0
300.0
300.0
300.0
300.0
300.0
300.0
300.0
300.0
300.0
300.0
300.0
300.0
300.0
300.0
300.0
300.0
300.0
300.0
300.0
300.0
300.0
300.0
300.0
300.0
300.0
300.0
300.0
300.0
300.0
300.0
300.0
300.0
300.0
300.0
300.0
300.0
300.0
300.0
300.0
300.0
300.0
300.0
300.0
300.0
300.0
300.0
300.0
300.0
300.0
300.0
300.0
300.0
300.0
300.0
300.0
300.0
300.0
300.0
300.0
300.0
300.0
300.0
300.0
300.0
300.0
300.0
300.0
300.0
300.0
300.0
300.0
300.0
300.0
300.0
300.0
300.0
300.0
300.0
300.0
300.0
300.0
300.0
300.0
300.0
300.0
300.0
300.0
300.0
300.0
300.0
300.0
300.0
300.0
300.0
300.0
300.0
300.0
300.0
300.0
300.0
300.0
300.0
300.0
300.0
300.0
300.0
300.0
300.0
300.0
300.0
300.0
300.0
300.0
300.0
300.0
300.0
300.0
300.0
300.0
300.0
300.0
300.0
300.0
300.0
300.0
300.0
300.0
300.0
300.0
300.0
300.0
300.0
300.0
300.0
300.0
300.0
300.0
300.0
300.0
300.0
300.0
300.0
300.0
300.0
300.0
300.0
300.0
300.0
300.0
300.0
300.0
300.0
300.0
300.0
300.0
300.0
300.0
300.0
300.0
300.0
300.0
300.0
300.0
300.0
300.0
300.0
300.0
300.0
300.0
300.0
300.0
300.0
300.0
300.0
300.0
300.0
300.0
300.0
300.0
300.0
300.0
300.0
300.0
300.0
300.0
300.0
300.0
300.0
300.0
300.0
300.0
300.0
300.0
300.0
300.0
300.0
300.0
300.0
300.0
300.0
300.0
300.0
300.0
300.0
300.0
300.0
300.0
300.0
300.0
300.0
300.0
300.0
300.0
300.0
300.0
300.0
300.0
300.0
300.0
300.0
300.0
300.0
300.0
300.0
300.0
300.0
300.0
300.0
300.0
300.0
300.0
300.0
300.0
300.0
300.0
300.0
300.0
300.0
300.0
300.0
300.0
300.0
300.0
300.0
300.0
300.0
300.0
300.0
300.0
300.0
300.0
300.0
300.0
300.0
300.0
300.0
300.0
300.0
300.0
300.0
300.0
300.0
300.0
300.0
300.0
300.0
300.0
300.0
300.0
300.0
300.0
300.0
300.0
300.0
300.0
300.0
300.0
300.0
300.0
300.0
300.0
300.0
300.0
300.0
300.0
300.0
300.0
300.0
300.0
300.0
300.0
300.0
300.0
300.0
300.0
300.0
300.0
300.0
300.0
300.0
300.0
300.0
300.0
300.0
300.0
300.0
300.0
300.0
300.0
300.0
300.0
300.0
300.0
300.0
300.0
300.0
300.0
300.0
300.0
300.0
300.0
300.0
300.0
300.0
300.0
300.0
300.0
300.0
300.0
300.0
300.0
300.0
300.0
300.0
300.0
300.0
300.0
300.0
300.0
300.0
300.0
300.0
300.0
300.0
300.0
300.0
300.0
300.0
300.0
300.0
300.0
300.0
300.0
300.0
300.0
300.0
300.0
300.0
300.0
300.0
300.0
300.0
300.0
300.0
300.0
300.0
300.0
300.0
300.0
300.0
300.0
300.0
300.0
300.0
300.0
300.0
300.0
300.0
300.0
300.0
300.0
300.0
300.0
300.0
300.0
300.0
300.0
300.0
300.0
300.0
300.0
300.0
300.0
300.0
300.0
300.0
300.0
300.0
300.0
300.0
300.0
300.0
300.0
300.0
300.0
300.0
300.0
300.0
300.0
300.0
300.0
300.0
300.0
300.0
300.0
300.0
300.0
300.0
300.0
300.0
300.0
300.0
300.0
300.0
300.0
300.0
300.0
300.0
300.0
300.0
300.0
300.0
300.0
300.0
300.0
300.0
300.0
300.0
300.0
300.0
300.0
300.0
300.0
300.0
300.0
300.0
300.0
300.0
300.0
300.0
300.0
300.0
300.0
300.0
300.0
300.0
300.0
300.0
300.0
300.0
300.0
300.0
300.0
300.0
300.0
300.0
300.0
300.0
300.0
300.0
300.0
300.0
300.0
300.0
300.0
300.0
300.0
300.0
300.0
300.0
300.0
300.0
300.0
300.0
300.0
300.0
300.0
300.0
300.0
300.0
300.0
300.0
300.0
300.0
300.0
300.0
300.0
300.0
300.0
300.0
300.0
300.0
300.0
300.0
300.0
300.0
300.0
300.0
300.0
300.0
300.0
300.0
300.0
300.0
300.0
300.0
300.0
300.0
300.0
300.0
300.0
300.0
300.0
300.0
300.0
300.0
300.0
300.0
300.0
300.0
300.0
300.0
300.0
300.0
300.0
300.0
300.0
300.0
300.0
300.0
300.0
300.0
300.0
300.0
300.0
300.0
300.0
300.0
300.0
300.0
300.0
300.0
300.0
300.0
300.0
300.0
300.0
300.0
300.0
300.0
300.0
300.0
300.0
300.0
300.0
300.0
300.0
300.0
300.0
300.0
300.0
300.0
300.0
300.0
300.0
300.0
300.0
300.0
300.0
300.0
300.0
300.0
300.0
300.0
300.0
300.0
300.0
300.0
300.0
300.0
300.0
300.0
300.0
300.0
300.0
300.0
300.0
300.0
300.0
300.0
300.0
300.0
300.0
300.0
300.0
300.0
300.0
300.0
300.0
300.0
300.0
300.0
300.0
300.0
300.0
300.0
300.0
300.0
300.0
300.0
300.0
300.0
300.0
300.0
300.0
300.0
300.0
300.0
300.0
300.0
300.0
300.0
300.0
300.0
300.0
300.0
300.0
300.0
300.0
300.0
300.0
300.0
300.0
300.0
300.0
300.0
300.0
300.0
300.0
300.0
300.0
300.0
300.0
300.0
300.0
300.0
300.0
300.0
300.0
300.0
300.0
300.0
300.0
300.0
300.0
300.0
300.0
300.0
300.0
300.0
300.0
300.0
300.0
300.0
300.0
300.0
300.0
300.0
300.0
300.0
300.0
300.0
300.0
300.0
300.0
300.0
300.0
300.0
300.0
300.0
300.0
300.0
300.0
300.0
300.0
300.0
300.0
300.0
300.0
300.0
300.0
300.0
300.0
300.0
300.0
300.0
300.0
300.0
300.0
300.0
300.0
300.0
300.0
300.0
300.0
300.0
300.0
300.0
300.0
300.0
300.0
300.0
300.0
300.0
300.0
300.0
300.0
300.0
300.0
300.0
300.0
300.0
300.0
300.0
300.0
300.0
300.0
300.0
300.0
300.0
300.0
300.0
300.0
300.0
300.0
300.0
300.0
300.0
300.0
300.0
300.0
300.0
300.0
300.0
300.0
300.0
300.0
300.0
300.0
300.0
300.0
300.0
300.0
300.0
300.0
300.0
300.0
300.0
300.0
300.0
300.0
300.0
300.0
300.0
300.0
300.0
300.0
300.0
300.0
300.0
300.0
300.0
300.0
300.0
300.0
300.0
300.0
300.0
300.0
300.0
300.0
300.0
300.0
300.0
300.0
300.0
300.0
300.0
300.0
300.0
300.0
300.0
300.0
300.0
300.0
300.0
300.0
300.0
300.0
300.0
300.0
300.0
300.0
300.0
300.0
300.0
300.0
300.0
300.0
300.0
300.0
300.0
300.0
300.0
300.0
300.0
300.0
300.0
300.0
300.0
300.0
300.0
300.0
300.0
300.0
300.0
300.0
300.0
300.0
300.0
300.0
300.0
300.0
300.0
300.0
300.0
300.0
300.0
300.0
300.0
300.0
300.0
300.0
300.0
300.0
300.0
300.0
300.0
300.0
300.0
300.0
300.0
300.0
300.0
300.0
300.0
300.0
300.0
300.0
300.0
300.0
300.0
300.0
300.0
300.0
300.0
300.0
300.0
300.0
300.0
300.0
300.0
300.0
300.0
300.0
300.0
300.0
300.0
300.0
300.0
300.0
300.0
300.0
300.0
300.0
300.0
300.0
300.0
300.0
300.0
300.0
300.0
300.0
300.0
300.0
300.0
300.0
300.0
300.0
300.0
300.0
300.0
300.0
300.0
300.0
300.0
300.0
300.0
300.0
300.0
300.0
300.0
300.0
300.0
300.0
300.0
300.0
300.0
300.0
300.0
300.0
300.0
300.0
300.0
300.0
300.0
300.0
300.0
300.0
300.0
300.0
300.0
300.0
300.0
300.0
300.0
300.0
300.0
300.0
300.0
300.0
300.0
300.0
300.0
300.0
300.0
300.0
300.0
300.0
300.0
300.0
300.0
300.0
300.0
300.0
300.0
300.0
300.0
300.0
300.0
300.0
300.0
300.0
300.0
300.0
300.0
300.0
300.0
300.0
300.0
300.0
300.0
300.0
300.0
300.0
300.0
300.0
300.0
300.0
300.0
300.0
300.0
300.0
300.0
300.0
300.0
300.0
300.0
300.0
300.0
300.0
300.0
300.0
300.0
300.0
300.0
300.0
300.0
300.0
300.0
300.0
300.0
300.0
300.0
300.0
300.0
300.0
300.0
300.0
300.0
300.0
300.0
300.0
300.0
300.0
300.0
300.0
300.0
300.0
300.0
300.0
300.0
300.0
300.0
300.0
300.0
300.0
300.0
300.0
300.0
300.0
300.0
300.0
300.0
300.0
300.0
300.0
300.0
300.0
300.0
300.0
300.0
300.0
300.0
300.0
300.0
300.0
300.0
300.0
300.0
300.0
300.0
300.0
300.0
300.0
300.0
300.0
300.0
300.0
300.0
300.0
300.0
300.0
300.0
300.0
300.0
300.0
300.0
300.0
300.0
300.0
300.0
300.0
300.0
300.0
300.0
300.0
300.0
300.0
300.0
300.0
300.0
300.0
300.0
300.0
300.0
300.0
300.0
300.0
300.0
300.0
300.0
300.0
300.0
300.0
300.0
300.0
300.0
300.0
300.0
300.0
300.0
300.0
300.0
300.0
300.0
300.0
300.0
300.0
300.0
300.0
300.0
300.0
300.0
300.0
300.0
300.0
300.0
300.0
300.0
300.0
300.0
300.0
300.0
300.0
300.0
300.0
300.0
300.0
300.0
300.0
300.0
300.0
300.0
300.0
300.0
300.0
300.0
300.0
300.0
300.0
300.0
300.0
300.0
300.0
300.0
300.0
300.0
300.0
300.0
300.0
300.0
300.0
300.0
300.0
300.0
300.0
300.0
300.0
300.0
300.0
300.0
300.0
300.0
300.0
300.0
300.0
300.0
300.0
300.0
300.0
300.0
300.0
300.0
300.0
300.0
300.0
300.0
300.0
300.0
300.0
300.0
300.0
300.0
300.0
300.0
300.0
300.0
300.0
300.0
300.0
300.0
300.0
300.0
300.0
300.0
300.0
300.0
300.0
300.0
300.0
300.0
300.0
300.0
300.0
300.0
300.0
300.0
300.0
300.0
300.0
300.0
300.0
300.0
300.0
300.0
300.0
300.0
300.0
300.0
300.0
300.0
300.0
300.0
300.0
300.0
300.0
300.0
300.0
300.0
300.0
300.0
300.0
300.0
300.0
300.0
300.0
300.0
300.0
300.0
300.0
300.0
300.0
300.0
300.0
300.0
300.0
300.0
300.0
300.0
300.0
300.0
300.0
300.0
300.0
300.0
300.0
300.0
300.0
300.0
300.0
300.0
300.0
300.0
300.0
300.0
300.0
300.0
300.0
300.0
300.0
300.0
300.0
300.0
300.0
300.0
300.0
300.0
300.0
300.0
300.0
300.0
300.0
300.0
300.0
300.0
300.0
300.0
300.0
300.0
300.0
300.0
300.0
300.0
300.0
300.0
300.0
300.0
300.0
300.0
300.0
300.0
300.0
300.0
300.0
300.0
300.0
300.0
300.0
300.0
300.0
300.0
300.0
300.0
300.0
300.0
300.0
300.0
300.0
300.0
300.0
300.0
300.0
300.0
300.0
300.0
300.0
300.0
300.0
300.0
300.0
300.0
300.0
300.0
300.0
300.0
300.0
300.0
300.0
300.0
300.0
300.0
300.0
300.0
300.0
300.0
300.0
300.0
300.0
300.0
300.0
300.0
300.0
300.0
300.0
300.0
300.0
300.0
300.0
300.0
300.0
300.0
300.0
300.0
300.0
300.0
300.0
300.0
300.0
300.0
300.0
300.0
300.0
300.0
300.0
300.0
300.0
300.0
300.0
300.0
300.0
300.0
300.0
300.0
300.0
300.0
300.0
300.0
300.0
300.0
300.0
300.0
300.0
300.0
300.0
300.0
300.0
300.0
300.0
300.0
300.0
300.0
300.0
300.0
300.0
300.0
300.0
300.0
300.0
300.0
300.0
300.0
300.0
300.0
300.0
300.0
300.0
300.0
300.0
300.0
300.0
300.0
300.0
300.0
300.0
300.0
300.0
300.0
300.0
300.0
300.0
300.0
300.0
300.0
300.0
300.0
300.0
300.0
300.0
300.0
300.0
300.0
300.0
300.0
300.0
300.0
300.0
300.0
300.0
300.0
300.0
300.0
300.0
300.0
300.0
300.0
300.0
300.0
300.0
300.0
300.0
300.0
300.0
300.0
300.0
300.0
300.0
300.0
300.0
300.0
300.0
300.0
300.0
300.0
300.0
300.0
300.0
300.0
300.0
300.0
300.0
300.0
300.0
300.0
300.0
300.0
300.0
300.0
300.0
300.0
300.0
300.0
300.0
300.0
300.0
300.0
300.0
300.0
300.0
300.0
300.0
300.0
300.0
300.0
300.0
300.0
300.0
300.0
300.0
300.0
300.0
300.0
300.0
300.0
300.0
300.0
300.0
300.0
300.0
300.0
300.0
300.0
300.0
300.0
300.0
300.0
300.0
300.0
300.0
300.0
300.0
300.0
300.0
300.0
300.0
300.0
300.0
300.0
300.0
300.0
300.0
300.0
300.0
300.0
300.0
300.0
300.0
300.0
300.0
300.0
300.0
300.0
300.0
300.0
300.0
300.0
300.0
300.0
300.0
300.0
300.0
300.0
300.0
300.0
300.0
300.0
300.0
300.0
300.0
300.0
300.0
300.0
300.0
300.0
300.0
300.0
300.0
300.0
300.0
300.0
300.0
300.0
300.0
300.0
300.0
300.0
300.0
300.0
300.0
300.0
300.0
300.0
300.0
300.0
300.0
300.0
300.0
300.0
300.0
300.0
300.0
300.0
300.0
300.0
300.0
300.0
300.0
300.0
300.0
300.0
300.0
300.0
300.0
300.0
300.0
300.0
300.0
300.0
300.0
300.0
300.0
300.0
300.0
300.0
300.0
300.0
300.0
300.0
300.0
300.0
300.0
300.0
300.0
300.0
300.0
300.0
300.0
300.0
300.0
300.0
300.0
300.0
300.0
300.0
300.0
300.0
300.0
300.0
300.0
300.0
300.0
300.0
300.0
300.0
300.0
300.0
300.0
300.0
300.0
300.0
300.0
300.0
300.0
300.0
300.0
300.0
300.0
300.0
300.0
300.0
300.0
300.0
300.0
300.0
300.0
300.0
300.0
300.0
300.0
300.0
300.0
300.0
300.0
300.0
300.0
300.0
300.0
300.0
300.0
300.0
300.0
300.0
300.0
300.0
300.0
300.0
300.0
300.0
300.0
300.0
300.0
300.0
300.0
300.0
300.0
300.0
300.0
300.0
300.0
300.0
300.0
300.0
300.0
300.0
300.0
300.0
300.0
300.0
300.0
300.0
300.0
300.0
300.0
300.0
300.0
300.0
300.0
300.0
300.0
300.0
300.0
300.0
300.0
300.0
300.0
300.0
300.0
300.0
300.0
300.0
300.0
300.0
300.0
300.0
300.0
300.0
300.0
300.0
300.0
300.0
300.0
300.0
300.0
300.0
300.0
300.0
300.0
300.0
300.0
300.0
300.0
300.0
300.0
300.0
300.0
300.0
300.0
300.0
300.0
300.0
300.0
300.0
300.0
300.0
300.0
300.0
300.0
300.0
300.0
300.0
300.0
300.0
300.0
300.0
300.0
300.0
300.0
300.0
300.0
300.0
300.0
300.0
300.0
300.0
300.0
300.0
300.0
300.0
300.0
300.0
300.0
300.0
300.0
300.0
300.0
300.0
300.0
300.0
300.0
300.0
300.0
300.0
300.0
300.0
300.0
300.0
300.0
300.0
300.0
300.0
300.0
300.0
300.0
300.0
300.0
300.0
300.0
300.0
300.0
300.0
300.0
300.0
300.0
300.0
300.0
300.0
300.0
300.0
300.0
300.0
300.0
300.0
300.0
300.0
300.0
300.0
300.0
300.0
300.0
300.0
300.0
300.0
300.0
300.0
300.0
300.0
300.0
300.0
300.0
300.0
300.0
300.0
300.0
300.0
300.0
300.0
300.0
300.0
300.0
300.0
300.0
300.0
300.0
300.0
300.0
300.0
300.0
300.0
300.0
300.0
300.0
300.0
300.0
300.0
300.0
300.0
300.0
300.0
300.0
300.0
300.0
300.0
300.0
300.0
300.0
300.0
300.0
300.0
300.0
300.0
300.0
300.0
300.0
300.0
300.0
300.0
300.0
300.0
300.0
300.0
300.0
300.0
300.0
300.0
300.0
300.0
300.0
300.0
300.0
300.0
300.0
300.0
300.0
300.0
300.0
300.0
300.0
300.0
300.0
300.0
300.0
300.0
300.0
300.0
300.0
300.0
300.0
300.0
300.0
300.0
300.0
300.0
300.0
300.0
300.0
300.0
300.0
300.0
300.0
300.0
300.0
300.0
300.0
300.0
300.0
300.0
300.0
300.0
300.0
300.0
300.0
300.0
300.0
300.0
300.0
300.0
300.0
300.0
300.0
300.0
300.0
300.0
300.0
300.0
300.0
300.0
300.0
300.0
300.0
300.0
300.0
300.0
300.0
300.0
300.0
300.0
300.0
300.0
300.0
300.0
300.0
300.0
300.0
300.0
300.0
300.0
300.0
300.0
300.0
300.0
300.0
300.0
300.0
300.0
300.0
300.0
300.0
300.0
300.0
300.0
300.0
300.0
300.0
300.0
300.0
300.0
300.0
300.0
300.0
300.0
300.0
300.0
300.0
300.0
300.0
300.0
300.0
300.0
300.0
300.0
300.0
300.0
300.0
300.0
300.0
300.0
300.0
300.0
300.0
300.0
300.0
300.0
300.0
300.0
300.0
300.0
300.0
300.0
300.0
300.0
300.0
300.0
300.0
300.0
300.0
300.0
300.0
300.0
300.0
300.0
300.0
300.0
300.0
300.0
300.0
300.0
300.0
300.0
300.0
300.0
300.0
300.0
300.0
300.0
300.0
300.0
300.0
300.0
300.0
300.0
300.0
300.0
300.0
300.0
300.0
300.0
300.0
300.0
300.0
300.0
300.0
300.0
300.0
300.0
300.0
300.0
300.0
300.0
300.0
300.0
300.0
300.0
300.0
300.0
300.0
300.0
300.0
300.0
300.0
300.0
300.0
300.0
300.0
300.0
300.0
300.0
300.0
300.0
300.0
300.0
300.0
300.0
300.0
300.0
300.0
300.0
300.0
300.0
300.0
300.0
300.0
300.0
300.0
300.0
300.0
300.0
300.0
300.0
300.0
300.0
300.0
300.0
300.0
300.0
300.0
300.0
300.0
300.0
300.0
300.0
300.0
300.0
300.0
300.0
300.0
300.0
300.0
300.0
300.0
300.0
300.0
300.0
300.0
300.0
300.0
300.0
300.0
300.0
300.0
300.0
300.0
300.0
300.0
300.0
300.0
300.0
300.0
300.0
300.0
300.0
300.0
300.0
300.0
300.0
300.0
300.0
300.0
300.0
300.0
300.0
300.0
300.0
300.0
300.0
300.0
300.0
300.0
300.0
300.0
300.0
300.0
300.0
300.0
300.0
300.0
300.0
300.0
300.0
300.0
300.0
300.0
300.0
300.0
300.0
300.0
300.0
300.0
300.0
300.0
300.0
300.0
300.0
300.0
300.0
300.0
300.0
300.0
300.0
300.0
300.0
300.0
300.0
300.0
300.0
300.0
300.0
300.0
300.0
300.0
300.0
300.0
300.0
300.0
300.0
300.0
300.0
300.0
300.0
300.0
300.0
300.0
300.0
300.0
300.0
300.0
300.0
300.0
300.0
300.0
300.0
300.0
300.0
300.0
300.0
300.0
300.0
300.0
300.0
300.0
300.0
300.0
300.0
300.0
300.0
300.0
300.0
300.0
300.0
300.0
300.0
300.0
300.0
300.0
300.0
300.0
300.0
300.0
300.0
300.0
300.0
300.0
300.0
300.0
300.0
300.0
300.0
300.0
300.0
300.0
300.0
300.0
300.0
300.0
300.0
300.0
300.0
300.0
300.0
300.0
300.0
300.0
300.0
300.0
300.0
300.0
300.0
300.0
300.0
300.0
300.0
300.0
300.0
300.0
300.0
300.0
300.0
300.0
300.0
300.0
300.0
300.0
300.0
300.0
300.0
300.0
300.0
300.0
300.0
300.0
300.0
300.0
300.0
300.0
300.0
300.0
300.0
300.0
300.0
300.0
300.0
300.0
300.0
300.0
300.0
300.0
300.0
300.0
300.0
300.0
300.0
300.0
300.0
300.0
300.0
300.0
300.0
300.0
300.0
300.0
300.0
300.0
300.0
300.0
300.0
300.0
300.0
300.0
300.0
300.0
300.0
300.0
300.0
300.0
300.0
300.0
300.0
300.0
300.0
300.0
300.0
300.0
300.0
300.0
300.0
300.0
300.0
300.0
300.0
300.0
300.0
300.0
300.0
300.0
300.0
300.0
300.0
300.0
300.0
300.0
300.0
300.0
300.0
300.0
300.0
300.0
300.0
300.0
300.0
300.0
300.0
300.0
300.0
300.0
300.0
300.0
300.0
300.0
300.0
300.0
300.0
300.0
300.0
300.0
300.0
300.0
300.0
300.0
300.0
300.0
300.0
300.0
300.0
300.0
300.0
300.0
300.0
300.0
300.0
300.0
300.0
300.0
300.0
300.0
300.0
300.0
300.0
300.0
300.0
300.0
300.0
300.0
300.0
300.0
300.0
300.0
300.0
300.0
300.0
300.0
300.0
300.0
300.0
300.0
300.0
300.0
300.0
300.0
300.0
300.0
300.0
300.0
300.0
300.0
300.0
300.0
300.0
300.0
300.0
300.0
300.0
300.0
300.0
300.0
300.0
300.0
300.0
300.0
300.0
300.0
300.0
300.0
300.0
300.0
300.0
300.0
300.0
300.0
300.0
300.0
300.0
300.0
300.0
300.0
300.0
300.0
300.0
300.0
300.0
300.0
300.0
300.0
300.0
300.0
300.0
300.0
300.0
300.0
300.0
300.0
300.0
300.0
300.0
300.0
300.0
300.0
300.0
300.0
300.0
300.0
300.0
300.0
300.0
300.0
300.0
300.0
300.0
300.0
300.0
300.0
300.0
300.0
300.0
300.0
300.0
300.0
300.0
300.0
300.0
300.0
300.0
300.0
300.0
300.0
300.0
300.0
300.0
300.0
300.0
300.0
300.0
300.0
300.0
300.0
300.0
300.0
300.0
300.0
300.0
300.0
300.0
300.0
300.0
300.0
300.0
300.0
300.0
300.0
300.0
300.0
300.0
300.0
300.0
300.0
300.0
300.0
300.0
300.0
300.0
300.0
300.0
300.0
300.0
300.0
300.0
300.0
300.0
300.0
300.0
300.0
300.0
300.0
300.0
300.0
300.0
300.0
300.0
300.0
300.0
300.0
300.0
300.0
300.0
300.0
300.0
300.0
300.0
300.0
300.0
300.0
300.0
300.0
300.0
300.0
300.0
300.0
300.0
300.0
300.0
300.0
300.0
300.0
300.0
300.0
300.0
300.0
300.0
300.0
300.0
300.0
300.0
300.0
300.0
300.0
300.0
300.0
300.0
300.0
300.0
300.0
300.0
300.0
300.0
300.0
300.0
300.0
300.0
300.0
300.0
300.0
300.0
300.0
300.0
300.0
300.0
300.0
300.0
300.0
300.0
300.0
300.0
300.0
300.0
300.0
300.0
300.0
300.0
300.0
300.0
300.0
300.0
300.0
300.0
300.0
300.0
300.0
300.0
300.0
300.0
300.0
300.0
300.0
300.0
300.0
300.0
300.0
300.0
300.0
300.0
300.0
300.0
300.0
300.0
300.0
300.0
300.0
300.0
300.0
300.0
300.0
300.0
300.0
300.0
300.0
300.0
300.0
300.0
300.0
300.0
300.0
300.0
300.0
300.0
300.0
300.0
300.0
300.0
300.0
300.0
300.0
300.0
300.0
300.0
300.0
300.0
300.0
300.0
300.0
300.0
300.0
300.0
300.0
300.0
300.0
300.0
300.0
300.0
300.0
300.0
300.0
300.0
300.0
300.0
300.0
300.0
300.0
300.0
300.0
300.0
300.0
300.0
300.0
300.0
300.0
300.0
300.0
300.0
300.0
300.0
300.0
300.0
300.0
300.0
300.0
300.0
300.0
300.0
300.0
300.0
300.0
300.0
300.0
300.0
300.0
300.0
300.0
300.0
300.0
300.0
300.0
300.0
300.0
300.0
300.0
300.0
300.0
300.0
300.0
300.0
300.0
300.0
300.0
300.0
300.0
300.0
300.0
300.0
300.0
300.0
300.0
300.0
300.0
300.0
300.0
300.0
300.0
300.0
300.0
300.0
300.0
300.0
300.0
300.0
300.0
300.0
300.0
300.0
300.0
300.0
300.0
300.0
300.0
300.0
300.0
300.0
300.0
300.0
300.0
300.0
300.0
300.0
300.0
300.0
300.0
300.0
300.0
300.0
300.0
300.0
300.0
300.0
300.0
300.0
300.0
300.0
300.0
300.0
300.0
300.0
300.0
300.0
300.0
300.0
300.0
300.0
300.0
300.0
300.0
300.0
300.0
300.0
300.0
300.0
300.0
300.0
300.0
300.0
300.0
300.0
300.0
300.0
300.0
300.0
300.0
300.0
300.0
300.0
300.0
300.0
300.0
300.0
300.0
300.0
300.0
300.0
300.0
300.0
300.0
300.0
300.0
300.0
300.0
300.0
300.0
300.0
300.0
300.0
300.0
300.0
300.0
300.0
300.0
300.0
300.0
300.0
300.0
300.0
300.0
300.0
300.0
300.0
300.0
300.0
300.0
300.0
300.0
300.0
300.0
300.0
300.0
300.0
300.0
300.0
300.0
300.0
300.0
300.0
300.0
300.0
300.0
300.0
300.0
300.0
300.0
300.0
300.0
300.0
300.0
300.0
300.0
300.0
300.0
300.0
300.0
300.0
300.0
300.0
300.0
300.0
300.0
300.0
300.0
300.0
300.0
300.0
300.0
300.0
300.0
300.0
300.0
300.0
300.0
300.0
300.0
300.0
300.0
300.0
300.0
300.0
300.0
300.0
300.0
300.0
300.0
300.0
300.0
300.0
300.0
300.0
300.0
300.0
300.0
300.0
300.0
300.0
300.0
300.0
300.0
300.0
300.0
300.0
300.0
300.0
300.0
300.0
300.0
300.0
300.0
300.0
300.0
300.0
300.0
300.0
300.0
300.0
300.0
300.0
300.0
300.0
300.0
300.0
300.0
300.0
300.0
300.0
300.0
300.0
300.0
300.0
300.0
300.0
300.0
300.0
300.0
300.0
300.0
300.0
300.0
300.0
300.0
300.0
300.0
300.0
300.0
300.0
300.0
300.0
300.0
300.0
300.0
300.0
300.0
300.0
300.0
300.0
300.0
300.0
300.0
300.0
300.0
300.0
300.0
300.0
300.0
300.0
300.0
300.0
300.0
300.0
300.0
300.0
300.0
300.0
300.0
300.0
300.0
300.0
300.0
300.0
300.0
300.0
300.0
300.0
300.0
300.0
300.0
300.0
300.0
300.0
300.0
300.0
300.0
300.0
300.0
300.0
300.0
300.0
300.0
300.0
300.0
300.0
300.0
300.0
300.0
300.0
300.0
300.0
300.0
300.0
300.0
300.0
300.0
300.0
300.0
300.0
300.0
300.0
300.0
300.0
300.0
300.0
300.0
300.0
300.0
300.0
300.0
300.0
300.0
300.0
300.0
300.0
300.0
300.0
300.0
300.0
300.0
300.0
300.0
300.0
300.0
300.0
300.0
300.0
300.0
300.0
300.0
300.0
300.0
300.0
300.0
300.0
300.0
300.0
300.0
300.0
300.0
300.0
300.0
300.0
300.0
300.0
300.0
300.0
300.0
300.0
300.0
300.0
300.0
300.0
300.0
300.0
300.0
300.0
300.0
300.0
300.0
300.0
300.0
300.0
300.0
300.0
300.0
300.0
300.0
300.0
300.0
300.0
300.0
300.0
300.0
300.0
300.0
300.0
300.0
300.0
300.0
300.0
300.0
300.0
300.0
300.0
300.0
300.0
300.0
300.0
300.0
300.0
300.0
300.0
300.0
300.0
300.0
300.0
300.0
300.0
300.0
300.0
300.0
300.0
300.0
300.0
300.0
300.0
300.0
300.0
300.0
300.0
300.0
300.0
300.0
300.0
300.0
300.0
300.0
300.0
300.0
300.0
300.0
300.0
300.0
300.0
300.0
300.0
300.0
300.0
300.0
300.0
300.0
300.0
300.0
300.0
300.0
300.0
300.0
300.0
300.0
300.0
300.0
300.0
300.0
300.0
300.0
300.0
300.0
300.0
300.0
300.0
300.0
300.0
300.0
300.0
300.0
300.0
300.0
300.0
300.0
300.0
300.0
300.0
300.0
300.0
300.0
300.0
300.0
300.0
300.0
300.0
300.0
300.0
300.0
300.0
300.0
300.0
300.0
300.0
300.0
300.0
300.0
300.0
300.0
300.0
300.0
300.0
300.0
300.0
300.0
300.0
300.0
300.0
300.0
300.0
300.0
300.0
300.0
300.0
300.0
300.0
300.0
300.0
300.0
300.0
300.0
300.0
300.0
300.0
300.0
300.0
300.0
300.0
300.0
300.0
300.0
300.0
300.0
300.0
300.0
300.0
300.0
300.0
300.0
300.0
300.0
300.0
300.0
300.0
300.0
300.0
300.0
300.0
300.0
300.0
300.0
300.0
300.0
300.0
300.0
300.0
300.0
300.0
300.0
300.0
300.0
300.0
300.0
300.0
300.0
300.0
300.0
300.0
300.0
300.0
300.0
300.0
300.0
300.0
300.0
300.0
300.0
300.0
300.0
300.0
300.0
300.0
300.0
300.0
300.0
300.0
300.0
300.0
300.0
300.0
300.0
300.0
300.0
300.0
300.0
300.0
300.0
300.0
300.0
300.0
300.0
300.0
300.0
300.0
300.0
300.0
300.0
300.0
300.0
300.0
300.0
300.0
300.0
300.0
300.0
300.0
300.0
300.0
300.0
300.0
300.0
300.0
300.0
300.0
300.0
300.0
300.0
300.0
300.0
300.0
300.0
300.0
300.0
300.0
300.0
300.0
300.0
300.0
300.0
300.0
300.0
300.0
300.0
300.0
300.0
300.0
300.0
300.0
300.0
300.0
300.0
300.0
300.0
300.0
300.0
300.0
300.0
300.0
300.0
300.0
300.0
300.0
300.0
300.0
300.0
300.0
300.0
300.0
300.0
300.0
300.0
300.0
300.0
300.0
300.0
300.0
300.0
300.0
300.0
300.0
300.0
300.0
300.0
300.0
300.0
300.0
300.0
300.0
300.0
300.0
300.0
300.0
300.0
300.0
300.0
300.0
300.0
300.0
300.0
300.0
300.0
300.0
300.0
300.0
300.0
300.0
300.0
300.0
300.0
300.0
300.0
300.0
300.0
300.0
300.0
300.0
300.0
300.0
300.0
300.0
300.0
300.0
300.0
300.0
300.0
300.0
300.0
300.0
300.0
300.0
300.0
300.0
300.0
300.0
300.0
300.0
300.0
300.0
300.0
300.0
300.0
300.0
300.0
300.0
300.0
300.0
300.0
300.0
300.0
300.0
300.0
300.0
300.0
300.0
300.0
300.0
300.0
300.0
300.0
300.0
300.0
300.0
300.0
300.0
300.0
300.0
300.0
300.0
300.0
300.0
300.0
300.0
300.0
300.0
300.0
300.0
300.0
300.0
300.0
300.0
300.0
300.0
300.0
300.0
300.0
300.0
300.0
300.0
300.0
300.0
300.0
300.0
300.0
300.0
300.0
300.0
300.0
300.0
300.0
300.0
300.0
300.0
300.0
300.0
300.0
300.0
300.0
300.0
300.0
300.0
300.0
300.0
300.0
300.0
300.0
300.0
300.0
300.0
300.0
300.0
300.0
300.0
300.0
300.0
300.0
300.0
300.0
300.0
300.0
300.0
300.0
300.0
300.0
300.0
300.0
300.0
300.0
300.0
300.0
300.0
300.0
300.0
300.0
300.0
300.0
300.0
300.0
300.0
300.0
300.0
300.0
300.0
300.0
300.0
300.0
300.0
300.0
300.0
300.0
300.0
300.0
300.0
300.0
300.0
300.0
300.0
300.0
300.0
300.0
300.0
300.0
300.0
300.0
300.0
300.0
300.0
300.0
300.0
300.0
300.0
300.0
300.0
300.0
300.0
300.0
300.0
300.0
300.0
300.0
300.0
300.0
300.0
300.0
300.0
300.0
300.0
300.0
300.0
300.0
300.0
300.0
300.0
300.0
300.0
300.0
300.0
300.0
300.0
300.0
300.0
300.0
300.0
300.0
300.0
300.0
300.0
300.0
300.0
300.0
300.0
300.0
300.0
300.0
300.0
300.0
300.0
300.0
300.0
300.0
300.0
300.0
300.0
300.0
300.0
300.0
300.0
300.0
300.0
300.0
300.0
300.0
300.0
300.0
300.0
300.0
300.0
300.0
300.0
300.0
300.0
300.0
300.0
300.0
300.0
300.0
300.0
300.0
300.0
300.0
300.0
300.0
300.0
300.0
300.0
300.0
300.0
300.0
300.0
300.0
300.0
300.0
300.0
300.0
300.0
300.0
300.0
300.0
300.0
300.0
300.0
300.0
300.0
300.0
300.0
300.0
300.0
300.0
300.0
300.0
300.0
300.0
300.0
300.0
300.0
300.0
300.0
300.0
300.0
300.0
300.0
300.0
300.0
300.0
300.0
300.0
300.0
300.0
300.0
300.0
300.0
300.0
300.0
300.0
300.0
300.0
300.0
300.0
300.0
300.0
300.0
300.0
300.0
300.0
300.0
300.0
300.0
300.0
300.0
300.0
300.0
300.0
300.0
300.0
300.0
300.0
300.0
300.0
300.0
300.0
300.0
300.0
300.0
300.0
300.0
300.0
300.0
300.0
300.0
300.0
300.0
300.0
300.0
300.0
300.0
300.0
300.0
300.0
300.0
300.0
300.0
300.0
300.0
300.0
300.0
300.0
300.0
300.0
300.0
300.0
300.0
300.0
300.0
300.0
300.0
300.0
300.0
300.0
300.0
300.0
300.0
300.0
300.0
300.0
300.0
300.0
300.0
300.0
300.0
300.0
300.0
300.0
300.0
300.0
300.0
300.0
300.0
300.0
300.0
300.0
300.0
300.0
300.0
300.0
300.0
300.0
300.0
300.0
300.0
300.0
300.0
300.0
300.0
300.0
300.0
300.0
300.0
300.0
300.0
300.0
300.0
300.0
300.0
300.0
300.0
300.0
300.0
300.0
300.0
300.0
300.0
300.0
300.0
300.0
300.0
300.0
300.0
300.0
300.0
300.0
300.0
300.0
300.0
300.0
300.0
300.0
300.0
300.0
300.0
300.0
300.0
300.0
300.0
300.0
300.0
300.0
300.0
300.0
300.0
300.0
300.0
300.0
300.0
300.0
300.0
300.0
300.0
300.0
300.0
300.0
300.0
300.0
300.0
300.0
300.0
300.0
300.0
300.0
300.0
300.0
300.0
300.0
300.0
300.0
300.0
300.0
300.0
300.0
300.0
300.0
300.0
300.0
300.0
300.0
300.0
300.0
300.0
300.0
300.0
300.0
300.0
300.0
300.0
300.0
300.0
300.0
300.0
300.0
300.0
300.0
300.0
300.0
300.0
300.0
300.0
300.0
300.0
300.0
300.0
300.0
300.0
300.0
300.0
300.0
300.0
300.0
300.0
300.0
300.0
300.0
300.0
300.0
300.0
300.0
300.0
300.0
300.0
300.0
300.0
300.0
300.0
300.0
300.0
300.0
300.0
300.0
300.0
300.0
300.0
300.0
300.0
300.0
300.0
300.0
300.0
300.0
300.0
300.0
300.0
300.0
300.0
300.0
300.0
300.0
300.0
300.0
300.0
300.0
300.0
300.0
300.0
300.0
300.0
300.0
300.0
300.0
300.0
300.0
300.0
300.0
300.0
300.0
300.0
300.0
300.0
300.0
300.0
300.0
300.0
300.0
300.0
300.0
300.0
300.0
300.0
300.0
300.0
300.0
300.0
300.0
300.0
300.0
300.0
300.0
300.0
300.0
300.0
300.0
300.0
300.0
300.0
300.0
300.0
300.0
300.0
300.0
300.0
300.0
300.0
300.0
300.0
300.0
300.0
300.0
300.0
300.0
300.0
300.0
300.0
300.0
300.0
300.0
300.0
300.0
300.0
300.0
300.0
300.0
300.0
300.0
300.0
300.0
300.0
300.0
300.0
300.0
300.0
300.0
300.0
300.0
300.0
300.0
300.0
300.0
300.0
300.0
300.0
300.0
300.0
300.0
300.0
300.0
300.0
300.0
300.0
300.0
300.0
300.0
300.0
300.0
300.0
300.0
300.0
300.0
300.0
300.0
300.0
300.0
300.0
300.0
300.0
300.0
300.0
300.0
300.0
300.0
300.0
300.0
300.0
300.0
300.0
300.0
300.0
300.0
300.0
300.0
300.0
300.0
300.0
300.0
300.0
300.0
300.0
300.0
300.0
300.0
300.0
300.0
300.0
300.0
300.0
300.0
300.0
300.0
300.0
300.0
300.0
300.0
300.0
300.0
300.0
300.0
300.0
300.0
300.0
300.0
300.0
300.0
300.0
300.0
300.0
300.0
300.0
300.0
300.0
300.0
300.0
300.0
300.0
300.0
300.0
300.0
300.0
300.0
300.0
300.0
300.0
300.0
300.0
300.0
300.0
300.0
300.0
300.0
300.0
300.0
300.0
300.0
300.0
300.0
300.0
300.0
300.0
300.0
300.0
300.0
300.0
300.0
300.0
300.0
300.0
300.0
300.0
300.0
300.0
300.0
300.0
300.0
300.0
300.0
300.0
300.0
300.0
300.0
300.0
300.0
300.0
300.0
300.0
300.0
300.0
300.0
300.0
300.0
300.0
300.0
300.0
300.0
300.0
300.0
300.0
300.0
300.0
300.0
300.0
300.0
300.0
300.0
300.0
300.0
300.0
300.0
300.0
300.0
300.0
300.0
300.0
300.0
300.0
300.0
300.0
300.0
300.0
300.0
300.0
300.0
300.0
300.0
300.0
300.0
300.0
300.0
300.0
300.0
300.0
300.0
300.0
300.0
300.0
300.0
300.0
300.0
300.0
300.0
300.0
300.0
300.0
300.0
300.0
300.0
300.0
300.0
300.0
300.0
300.0
300.0
300.0
300.0
300.0
300.0
300.0
300.0
300.0
300.0
300.0
300.0
300.0
300.0
300.0
300.0
300.0
300.0
300.0
300.0
300.0
300.0
300.0
300.0
300.0
300.0
300.0
300.0
300.0
300.0
300.0
300.0
300.0
300.0
300.0
300.0
300.0
300.0
300.0
300.0
300.0
300.0
300.0
300.0
300.0
300.0
300.0
300.0
300.0
300.0
300.0
300.0
300.0
300.0
300.0
300.0
300.0
300.0
300.0
300.0
300.0
300.0
300.0
300.0
300.0
)
;

boundaryField
{
    ground
    {
        type            zeroGradient;
    }
    top
    {
        type            zeroGradient;
    }
    left
    {
        type            zeroGradient;
    }
    right
    {
        type            zeroGradient;
    }
    defaultFaces
    {
        type            empty;
    }
}


// ************************************************************************* //